time flux flux_err
2458520.407203993 0.990926081128739 0.000678616260288376
2458520.428036935 0.9900181394661618 0.0006783677655915225
2458520.4488698775 0.9902998369103619 0.0006787442597664016
2458520.4697028194 0.9909067140389847 0.00067861034229535
2458520.4905357608 0.9910888896316413 0.0006794552120626044
2458520.5322016436 0.989710515111484 0.0006786927061158145
2458520.5530345845 0.990015952859254 0.0006785310289867545
2458520.5738675254 0.9909178969714557 0.0006791088569449915
2458520.594700466 0.9895214048512062 0.0006785473797303726
2458520.615533406 0.9912662546891005 0.000678683798621157
2458520.636366346 0.9914585511480157 0.0006787648202163991
2458520.657199286 0.9904593342656608 0.0006783063282824796
2458520.678032225 0.9906398855217573 0.0006786755622391104
2458520.6988651645 0.9912221477040472 0.0006786147350324414
2458520.7196981036 0.9920435622075608 0.000678892880704662
2458520.740531042 0.9896534134339504 0.0006783295121726844
2458520.7613639804 0.9914560521686925 0.0006785072349941758
2458520.782196919 0.9908994669989477 0.0006785345065702852
2458520.8030298566 0.9899877143929026 0.0006785038794311198
2458520.8238627943 0.9916451624289706 0.0006798902150551322
2458520.844695732 0.9892493909518832 0.0006781880294321975
2458520.865528669 0.9913660889130596 0.0006785730650403101
2458520.8863616064 0.9920799848311955 0.0006789320492770609
2458520.907194543 0.9931546708891088 0.0006794639365265499
2458520.9280274794 0.9913547810316224 0.0006785799591971342
2458520.9488604157 0.9909635658185859 0.0006787689689125411
2458520.969693352 0.9907284118642792 0.0006785107735879439
2458520.9905262874 0.9901469618502693 0.0006785651337094505
2458521.011359223 0.9917386867301385 0.0006791665726295542
2458521.0321921585 0.9903678091479511 0.000678660126649053
2458521.0530250934 0.9912106523991608 0.0006789766477605866
2458521.0738580283 0.9905795976455866 0.00067872589568495
2458521.0946909627 0.9922529766748392 0.0006790635263386174
2458521.115523897 0.9906422595521139 0.0006785174847140559
2458521.136356831 0.9902244926837694 0.0006783129783983541
2458521.157189765 0.9922219268567495 0.0006788316264263315
2458521.1780226985 0.9930347823560814 0.0006789744513920408
2458521.198855632 0.9929218284906756 0.0006788211936757393
2458521.219688565 0.9921969370635181 0.0006788078324337528
2458521.240521498 0.9930945704363872 0.0006790760334372804
2458521.2613544306 0.9914156311781408 0.0006786952075355472
2458521.282187363 0.985758504260916 0.0006773444408799281
2458521.303020295 0.9827799708056739 0.0006766951699337176
2458521.323853227 0.9824074979375613 0.0006770528119452461
2458521.3446861585 0.981923070795772 0.0006763031181483063
2458521.36551909 0.980961338603264 0.0006761133152998135
2458521.3863520212 0.9813145068561061 0.0006760432755472999
2458521.407184952 0.9800143503887631 0.000675971588518377
2458521.428017883 0.9819992271906445 0.0006765861446395176
2458521.4488508133 0.9823106624887896 0.0006761650519811127
2458521.4696837435 0.98149724471911 0.0006764861488604498
2458521.490516674 0.982808646593407 0.0006764537524244004
2458521.5113496035 0.983284952052396 0.0006765772981550973
2458521.532182533 0.9876734721162324 0.0006777911578380331
2458521.553015462 0.9931816598657984 0.0006789652388461963
2458521.573848391 0.9925536663618952 0.0006796383647952227
2458521.59468132 0.992761643916063 0.0006790409525507863
2458521.6155142486 0.9935115876109352 0.0006791768833596715
2458521.636347177 0.9925830918434254 0.000679025699991441
2458521.657180105 0.9929654356798643 0.0006794430710253656
2458521.678013033 0.9919168639558781 0.0006786052174354099
2458521.6988459607 0.992373989748562 0.0006788216817576383
2458521.7196788876 0.9913022399913536 0.0006785866093130087
2458521.740511815 0.9930947578598365 0.0006794670480486564
2458521.761344742 0.992743401367004 0.0006789945847703766
2458521.7821776685 0.9920153237412096 0.0006787036879585432
2458521.803010595 0.9934696672327896 0.0006790691392804563
2458521.823843521 0.9934640445293124 0.0006793117769945213
2458521.844676447 0.9932127096838883 0.0006791153240301539
2458521.865509373 0.9932390114412644 0.0006791963456253961
2458521.8863422982 0.9921725720151175 0.0006790357056703715
2458521.907175224 0.9937400567955523 0.0006796067614922592
2458521.928008149 0.9933143556678568 0.0006788107609251472
2458521.9488410736 0.9943473087710738 0.000679351921730718
2458521.969673998 0.9927375912400778 0.000678847550098288
2458521.9905069224 0.9938408906112408 0.0006792660193164856
2458522.0113398465 0.9926167031153212 0.000678890928377066
2458522.0321727702 0.993424498181524 0.0006789786000881827
2458522.053005694 0.9940016999306844 0.0006793495423314601
2458522.0738386177 0.993462045345854 0.0006794808973725419
2458522.0946715404 0.99352508209928 0.0006792331347985369
2458522.1155044637 0.9935578812028961 0.0006789276565399695
2458522.136337386 0.9944946236021724 0.0006793403297856157
2458522.1571703088 0.99482761259698 0.0006797449496799276
2458522.178003231 0.99358799390374 0.0006790032482240847
2458522.198836153 0.9930722045714454 0.0006789870195009414
2458522.2196690748 0.9929729326178339 0.0006787610985919189
2458522.240501996 0.9937930976316861 0.0006791365555927625
2458522.2613349175 0.9944744443441382 0.0006795347084019121
2458522.2821678384 0.9937110061609212 0.0006793331915878421
2458522.3030007593 0.9937649841143008 0.0006789745124022782
2458522.32383368 0.9936787068531696 0.0006794142131830843
2458522.3446666 0.9932440093999108 0.0006790963498463284
2458522.3654995207 0.9938401409174442 0.0006791454020771829
2458522.3863324407 0.9935718130126225 0.000679296524435176
