# Times (BJD) 	 Diff. Mag. 	 Diff. Mag. Err.
2460278.5282543655	-0.0009088759167886926	0.00249656272501722
2460278.5306617743	-0.007677457615649529	0.00227950071715056
2460278.5331039056	-0.0022232854206586184	0.0021687313214612132
2460278.5355344624	0.0009835455701348176	0.0021060323148930703
2460278.5379765932	-0.004358071701105408	0.002233921504576236
2460278.5404071505	-0.00013265768465037502	0.0021188988116658493
2460278.5428492813	0.0008218318955335683	0.0020255130097488723
2460278.545279838	0.0014580593581951717	0.002020001063534937
2460278.5477219694	0.00029147408568338796	0.0020430972793027105
2460278.5501525262	0.00013267389504433998	0.002066125354519613
2460278.552583083	-0.0021976386019296997	0.0020980172633312563
2460278.55501364	-0.002928105738569636	0.002012422419694216
2460278.557455771	-0.0009974877243481089	0.0019941334213040567
2460278.559874754	-0.0011436359404804386	0.0020555440386315306
2460278.5623053107	-0.0009549050138567863	0.002014575891067534
2460278.5647358675	0.0015828143145324752	0.002023154351469518
2460278.56715485	-0.004140820195378442	0.002005463500814097
2460278.5695854067	0.0013168547896043085	0.002081979114055558
2460278.5720159635	-0.0038166047620809647	0.001992997582409812
2460278.5744580943	-9.208459398425514e-05	0.001989100005985128
2460278.576888651	-0.004308638353250071	0.002010399642582021
2460278.579307634	-0.002758783103134852	0.0020220110871056345
2460278.5817497647	-0.001960373185390801	0.002416804856982336
2460278.584168747	-0.00010584816969017194	0.0019827600191023023
2460278.586599304	-0.0010783920095005753	0.002061309934765387
2460278.58902986	-0.0006744805197191453	0.0020243530388960916
2460278.591460417	-0.002621435807221681	0.002011229329575408
2460278.5938793994	-0.0008518369485779431	0.0019781823243676653
2460278.596309956	-0.0038926191348246982	0.0020217145427716067
2460278.5987405125	0.0010503893599822158	0.0020236763324320652
2460278.6011710693	0.0018720942853668176	0.002024359910050724
2460278.6035900516	0.0012938193195889468	0.0020138344511769052
2460278.606020608	0.005430619795973143	0.002017071350501653
2460278.608451165	0.005022266594975299	0.0020966150031631356
2460278.610881721	0.004470440381582686	0.002098541010417264
2460278.6133122775	0.005332232809685086	0.0021530765872419598
2460278.615742834	0.006599863488680677	0.002164051831526851
2460278.61817339	0.008334267593318763	0.002209366360958532
2460278.6205923725	0.007607438886567328	0.002266543729764797
2460278.623022929	0.006669788773866666	0.0023204006651365173
2460278.625453485	0.006487993403180382	0.0023011190189514705
2460278.6278840415	0.008646870730618641	0.0023076332311696215
2460278.630314598	0.005871691339242807	0.0023748421296250844
2460278.632745154	0.01090408722177142	0.002455271873459513
2460278.635164136	0.008102482083419321	0.002470647164733446
2460278.6375946924	0.011284593104263215	0.0024911775154786305
2460278.6400252483	0.008008612331214077	0.0023959209064126157
2460278.6424558046	0.007113851657357314	0.002447398210556859
2460278.6448863605	0.007225304687245356	0.0023938264191014297
2460278.647305343	0.003224495383875834	0.002360386789671686
2460278.6497358987	0.007419370557556279	0.002338014261262293
2460278.6521664546	0.008968059040239758	0.002415371441141664
2460278.654597011	0.008663321012571898	0.002339195432212783
2460278.657015993	0.007889276077584625	0.0023482485608882137
2460278.6594465487	0.007416264789369693	0.0023248469776753072
2460278.6618771045	0.008657086618843348	0.002452088967280646
2460278.6643076604	0.008011137710503033	0.002420948794397729
2460278.6667382163	0.00824306516251819	0.0024461411710665053
2460278.669168772	0.011248340991063296	0.007371840345783601
2460278.671587754	0.010649069798316983	0.0025054278259773327
2460278.6740183095	0.01045754433121839	0.0024072214404027292
2460278.6764488653	0.009798676067474915	0.002411329529091451
2460278.678867847	0.00789966475676319	0.0025265829807498467
2460278.6812984026	0.008284294172829252	0.0024591974621132585
2460278.6837289585	0.009339193556998276	0.0025009441596308014
2460278.68614794	0.010288171690251998	0.002473448206591687
2460278.6885784953	0.009260179031666205	0.0024891078668460285
2460278.691009051	0.008560523082638383	0.002543299060072742
2460278.6934280326	0.00860966141375248	0.002465891179441756
2460278.695847014	0.009167019043732317	0.002480800700691807
2460278.6982775694	0.00959647422117711	0.0024769797810009118
2460278.700708125	0.009552541486903973	0.002538406484658862
2460278.70313868	0.009311691472723567	0.0025361796821773562
2460278.7055692356	0.00904314265516285	0.002517566234101964
2460278.707999791	0.006375117919579483	0.002533277848189114
2460278.7104187724	0.010117659450598825	0.002607101696364312
2460278.712849328	0.008488533547560798	0.0025365949860508795
2460278.715279883	0.005757107427450842	0.002513621430909723
2460278.717698864	0.007880830901281872	0.0024642404699969237
2460278.720129419	0.011315002512838204	0.002508291998663514
2460278.7225484005	0.012430293646955262	0.0024834008452989504
2460278.7249789555	0.010478012234583164	0.0026030996558071345
2460278.7273979364	0.011864442837911262	0.002551405524892618
2460278.729840066	0.010713424508706004	0.002472159790893188
2460278.7322706208	0.007814688841286865	0.0025128804129233876
2460278.7347011757	0.009546510852047052	0.0025288016774712672
2460278.7371201566	0.010621796424278247	0.002546217765903885
2460278.7395507116	0.007940907492955207	0.002560498818288952
2460278.7419696925	0.011092015647456974	0.0025002713870443238
2460278.7443886735	0.009334259800546738	0.002532005464373855
2460278.7468192284	0.009399801726315632	0.002506819099988048
2460278.749249783	0.009728378015350096	0.002517947845293095
2460278.751668764	0.01136116959428619	0.0025546314187217555
2460278.7540993188	0.009465303623242254	0.0024889297717178
2460278.756518299	0.00996214256020787	0.002535058596714884
2460278.75893728	0.006728209931045618	0.0024991773075050735
2460278.7613678346	0.009932811140826121	0.0025342561654369293
2460278.763798389	0.01227317738009499	0.002556854824828498
2460278.76621737	0.010495064866679435	0.002508767958568126
2460278.7686479245	0.0067162891261359275	0.002508295142393972
2460278.771078479	0.012695831001802852	0.0025442410146706462
2460278.7734974595	0.00978204988018894	0.0025340265531659557
2460278.77591644	0.008971581310131725	0.0025423035077118193
2460278.7783469944	0.009614236251548624	0.002512636502239338
2460278.780777549	0.009836853698077812	0.0025352687464554225
2460278.7831965294	0.00624896268118536	0.002531077565178594
2460278.7856155094	0.008369583734892952	0.0025532350294673388
2460278.788046064	0.006499368228733873	0.0025459224602965703
2460278.7904766183	0.007553967937804838	0.002551932891822485
2460278.7929071723	0.008710310815087708	0.0025681080376843456
2460278.795337727	0.007883622885151252	0.0077013550467936705
2460278.797756707	0.0021465677260913995	0.002807529307075342
2460278.800175687	0.00861460273552327	0.0025464061951638146
2460278.8026178153	0.00457959029752295	0.0025444581559997416
2460278.8050483693	0.006149588129611924	0.0025586960532906298
2460278.8074789234	0.008113633462693847	0.0026718625893945923
2460278.809909478	0.003437262578249379	0.0025539051161571386
2460278.812351606	0.009700029503486921	0.002527107094553738
2460278.81478216	0.008153468221577437	0.002503208228918858
2460278.81720114	0.00793728066830763	0.002509281274996291
2460278.819631694	0.009104968686640728	0.0025749255279310297
2460278.822062248	0.005019292163800737	0.007659511657006575
2460278.824492802	0.007711927212479135	0.0026065696502860065
2460278.8269233555	0.00933300193108914	0.002567122423306042
2460278.8293539095	0.0066817868923363735	0.002586570666257692
2460278.8317728895	0.00837583146056243	0.002554077358194414
2460278.834203443	0.00914119648722324	0.0028637903013640216
2460278.836633997	0.006398055622723445	0.0025941746302274387
2460278.8390645506	0.008781918963570343	0.0026700589242068767
