time flux flux_err
2458612.9055621703 1.0279741368134951 0.0009338201919364496
2458612.9263953925 1.0249390014765845 0.0009298361624252218
2458612.9472286142 1.0250158450907707 0.0009259950799001783
2458612.9680618364 1.0251138050802375 0.0009219737731339106
2458612.988895058 1.0250177193252628 0.0009171989289257482
2458613.0097282804 1.0223862940980044 0.0009119860922234262
2458613.030561502 1.0224511426114395 0.0009074058706725098
2458613.0513947243 1.0222346060530902 0.0009029327830984344
2458613.072227946 1.0199891481822891 0.0008987265543026645
2458613.093061168 1.0194203180138612 0.0008945877418192006
2458613.11389439 1.0202800293755019 0.0008916485736333629
2458613.1347276117 1.019672215129633 0.0008892728959999774
2458613.1555608334 1.0182851566563282 0.0008870311358376438
2458613.1763940556 1.0177423783473438 0.0008855163126537069
2458613.1972272773 1.019036474789828 0.0008839426756009342
2458613.218060499 1.0189081522015853 0.0008819206743136474
2458613.238893721 1.0172000998342239 0.0008791880867915822
2458613.2597269425 1.0167852067921008 0.0008763790534420786
2458613.2805601647 1.0156154970454254 0.0008724944706177821
2458613.3013933864 1.0159775366748645 0.0008682368712021371
2458613.322226608 1.015204289997804 0.0008628949368375166
2458613.3430598294 1.0152990013141507 0.000857578260711172
2458613.3638930516 1.0163243950049152 0.0008527314244228997
2458613.3847262734 1.0137954279299048 0.0008471246446178077
2458613.4055594946 1.0147446652257968 0.0008429431859784146
2458613.4263927164 1.0138358489204566 0.0008392457215521661
2458613.447225938 1.0125941685692748 0.0008360246250593898
2458613.4680591593 1.0119522432556451 0.000833209185634961
2458613.488892381 1.011305007610954 0.0008313664324251001
2458613.509725603 1.0099545591847328 0.0008304387107554821
2458613.530558824 1.0119099480306013 0.0008305088725284702
2458613.551392046 1.0113707307671522 0.0008308948232901437
2458613.572225267 1.0121843984347643 0.0008311771786687436
2458613.593058489 1.0123833796633688 0.0008317152279522081
2458613.61389171 1.0090233145399676 0.0008311859641429265
2458613.6347249313 1.011049736873096 0.000831325921627479
2458613.6555581526 1.0097984354515204 0.0008308180114012808
2458613.6763913743 1.0112107336159888 0.000830456952816459
2458613.6972245956 1.0119937263124092 0.0008292428490925738
2458613.718057817 1.0106013575080428 0.0008278810395839888
2458613.738891038 1.0100540185617937 0.0008273326185601694
2458613.7597242594 1.0060639607510307 0.0008257622760602153
2458613.7805574806 1.0028315934710417 0.00082538895441768
2458613.801390702 1.0017686526159473 0.0008253967027178273
2458613.822223923 1.0009525484434951 0.000825845921095665
2458613.843057144 1.0004285749539172 0.0008270983392486256
2458613.863890365 1.0016789392582468 0.0008278768908878467
2458613.8847235865 1.0002715141034584 0.0008274207173429479
2458613.9055568073 1.000581699911942 0.000827062221188096
2458613.9263900286 0.9989691085547246 0.0008259906983889705
2458613.9680564706 1.0001979191623922 0.0008230356675414136
2458613.9888896914 1.0022866910296326 0.0008213473312423645
2458614.0305561335 1.0094896865561471 0.0008182393477296929
2458614.0513893543 1.0090055093122903 0.0008159796505575691
2458614.0722225755 1.0093687359569077 0.0008139499619803724
2458614.0930557963 1.0082942373224435 0.0008123298351267155
2458614.113889017 1.0081133736939318 0.0008107246557812168
2458614.134722238 1.0102005836990955 0.0008094023198962172
2458614.1555554587 1.009983359921432 0.0008086611065222734
2458614.1763886795 1.0092164231671628 0.0008081847995990388
2458614.218055121 1.0109449671649735 0.0008071014408138614
2458614.2388883415 1.0106503999772591 0.0008055492183544096
2458614.2597215623 1.0098144913936713 0.0008038577705332541
2458614.280554783 1.009153198990287 0.0008020144072210194
2458614.301388004 1.0103803852613948 0.0008002295527264333
2458614.322221224 1.0103555204171295 0.0007973033187109201
2458614.343054445 1.0082869902824063 0.0007935627810570806
2458614.3638876653 1.0074534557291757 0.0007901399847195222
2458614.384720886 1.0076605586405802 0.0007869924665730279
2458614.4055541065 1.007446583536037 0.0007838347597168907
2458614.426387327 1.0075205533240017 0.0007812971609134957
2458614.4472205476 1.0059774335919671 0.0007787077034083267
2458614.468053768 1.0054107900304468 0.0007771624971261737
2458614.4888869883 1.0075499788055315 0.0007765611192163076
2458614.5097202086 1.0040789590001833 0.0007749094500699245
2458614.530553429 1.0060478423343964 0.0007747466137463541
2458614.5513866493 1.0069052421401634 0.0007747535079031783
2458614.5722198696 1.0063485944959356 0.000775737358991187
2458614.59305309 1.0070753601575857 0.0007755907513907602
2458614.6138863103 1.0071748820091293 0.0007757935494198151
2458614.6347195306 1.008572248772142 0.0007765381183568149
2458614.655552751 1.0065493874845493 0.0007755975845373467
2458614.6763859713 1.0065438897300383 0.0007745623018192256
2458614.697219191 1.005384863119969 0.0007736825341961892
2458614.7180524115 1.0062059652510675 0.0007723472031306275
2458614.738885632 1.0067433707545075 0.0007710144955052733
2458614.7597188517 1.0062212090249387 0.0007702749904179763
2458614.780552072 1.005721225736863 0.0007695592793232576
2458614.801385292 1.0069151131084897 0.0007695510429412111
2458614.822218512 1.0063525303883696 0.0007695274319793446
2458614.843051732 1.0072254238659395 0.000770329228519008
2458614.8638849524 1.005867228603817 0.0007713348602617617
2458614.8847181723 1.005417224902204 0.0007706649678553166
