time flux flux_err
2458335.427156298 1.0 0.0006928035198787558
2458335.4479899914 0.999506264160232 0.0006925134162000083
2458335.4688236853 0.9986788521063428 0.0006923356933785169
2458335.4896573783 0.9994022441459066 0.0006923162921230298
2458335.5104910713 1.0014089245423823 0.000692396520585186
2458335.5313247642 1.0000155561462865 0.0006922237395929226
2458335.5521584568 0.9996878774825408 0.0006921641325910011
2458335.5729921493 1.0004067713593228 0.0006925614922670646
2458335.593825842 1.0006622919951131 0.0006926117647026667
2458335.6146595334 0.9996949370991285 0.0006921716978604364
2458335.6354932254 1.001390432095391 0.0006923771803399361
2458335.656326917 0.9993487035139085 0.0006924363602701959
2458335.677160608 1.000878203808632 0.00069192722983925
2458335.6979942992 0.9997471032924988 0.0006917927022658246
2458335.7188279903 1.0010645651916543 0.0006921255131107388
2458335.739661681 1.000626993912174 0.0006919811628890948
2458335.760495371 1.000331864454112 0.0006916242530004152
2458335.781329062 0.9997692817339918 0.0006914794757071096
2458335.8021627516 1.0013878081671015 0.0006921071490292872
2458335.8229964413 0.9998112021121373 0.0006914308505479169
2458335.843830131 0.9999548309487344 0.0006915660492339535
2458335.8646638202 1.000890198909383 0.0006912580695556534
2458335.8854975095 0.9993213396903201 0.0006908098883518513
2458335.9063311983 0.9993207774199726 0.0006909554587782428
2458335.9271648866 1.001442410865312 0.0006912568493509057
2458335.947998575 0.9995499338239037 0.0006910656432669532
2458335.9688322633 1.0005565851697447 0.0006907054388254547
2458335.989665951 0.9998428142005747 0.0006907131261153647
2458336.0104996385 1.0015225031526187 0.0006911045677984024
2458336.0313333264 0.999563740684664 0.0006905244824613821
2458336.0521670133 1.0003181200678348 0.0006908072039014065
2458336.0730007 1.000488050661808 0.0006906792654336184
2458336.0938343867 1.0008218518248952 0.0006914010165418375
2458336.114668073 1.0002725136951875 0.0006906232580357023
2458336.1355017596 0.9997351706662307 0.0006903588396668922
2458336.156335445 1.0001696806960407 0.0006903055777296585
2458336.177169131 1.0002350914798237 0.0006912172537068454
2458336.198002816 1.0001527501111265 0.0006907328934322762
2458336.2188365017 1.0003036884622436 0.0006902914233545861
2458336.2396701863 1.000469933061715 0.0006902474959836716
2458336.260503871 0.999509450358869 0.0006901877669612755
2458336.2813375555 0.9968249842954768 0.0006898749064639849
2458336.302171239 0.9915586977443901 0.0006885616611043551
2458336.3230049233 0.9911178777917893 0.0006880054307701511
2458336.343838607 0.989810849131308 0.0006881182997093062
2458336.36467229 0.9894050773637144 0.0006878454009175001
2458336.385505973 0.9898481463977056 0.0006877280782310163
2458336.4063396556 0.9895853162473952 0.0006876292416464587
2458336.4271733384 0.9895590144900192 0.0006876468125948245
2458336.44800702 0.9879600425701128 0.0006874466990162144
2458336.4688407024 0.9897013313624716 0.0006878086117443593
2458336.489674384 0.9899601006713821 0.0006882441028187862
2458336.510508065 0.9920797974077464 0.0006888896521405163
2458336.5313417464 0.9949558102362567 0.0006891160001212005
2458336.5521754273 1.0015912250840047 0.0006906516888063219
2458336.5730091077 1.000942177679304 0.0006904704884012999
2458336.5938427877 1.0007621262190725 0.0006908583304803319
2458336.6146764676 1.0010687509820209 0.0006907981133760367
2458336.635510147 0.9999062882753824 0.0006906036737495028
2458336.6563438266 1.0003204940981916 0.000690304540555623
2458336.6771775056 1.0002734508124336 0.0006904590184766722
2458336.7396785407 1.0007408224203427 0.0006902994156956831
2458336.760512219 1.0008715190389423 0.0006912182298706433
2458336.781345896 1.0010774349351688 0.0006904036211811301
2458336.8021795736 0.9999945022454892 0.0006906524209291705
2458336.8230132503 1.0007431964506996 0.0006905259467070794
2458336.843846927 0.9993234638227448 0.0006901746497602386
2458336.864680603 1.001647264695326 0.0006908004317650572
2458336.885514279 0.9996334622077795 0.0006904673768791934
2458336.9063479546 0.999827570426704 0.0006901175441780498
2458336.92718163 1.0016844370127576 0.0006908699224254343
2458336.9480153047 1.0011651491094107 0.0006909846216717109
2458336.9688489796 1.000844717485702 0.000690677313106022
2458336.989682654 1.001434414131478 0.000691154779223767
2458337.010516328 1.0009850976491788 0.0006906056260770992
2458337.0313500017 1.0001401302655446 0.00069061026285514
2458337.052183675 1.0002602062220212 0.0006902937417436066
2458337.073017348 0.9998741139165973 0.0006901852045313055
2458337.0938510206 1.0005215369847376 0.0006903307139474596
2458337.114684693 1.000485801580417 0.0006907098925727836
2458337.135518365 1.0009139392129527 0.0006906355210934159
2458337.1563520366 0.9998594948875568 0.0006902511565979146
2458337.177185708 0.9999031020767456 0.0006905303394441708
2458337.1980193793 1.000430011867028 0.0006905649932590033
2458337.21885305 1.0008921356183584 0.0006904730508312698
2458337.23968672 1.0001886104644135 0.0006902811126244687
2458337.2605203902 1.001147843677598 0.000690428574368219
2458337.28135406 1.000786678690922 0.0006905456530137534
2458337.302187729 0.9997317345696618 0.0006904412034873569
2458337.323021398 0.9994170505983961 0.0006902615893485067
2458337.3438550667 0.9997484152566437 0.0006900118134366682
2458337.364688735 1.00100196575961 0.0006905521811091533
2458337.385522403 1.0013791242139538 0.0006904349194329065
2458337.40635607 0.9997286733199907 0.0006903661608953781
