time flux flux_err
2458427.90791605 0.9997662829588042 0.0006527726287848994
2458427.928749589 0.9995519330073624 0.0006526975251826832
2458427.949583128 0.9996023499152064 0.0006530180119596465
2458427.9704166665 0.998992536485879 0.0006523979649171416
2458427.991250205 1.000177864853324 0.0006533248324434364
2458428.012083743 0.9998729269014189 0.000652648350931354
2458428.03291728 1.0005890094264625 0.0006527731168667985
2458428.0537508177 0.9999567051832269 0.0006528776884136698
2458428.0745843546 0.999242809265091 0.0006523946093540857
2458428.0954178916 0.9993774417761245 0.0006525365191662343
2458428.1162514277 0.99969537442051 0.0006529792704589094
2458428.137084964 0.9991937043213912 0.0006524284090255949
2458428.1579185002 0.9997531008428746 0.0006526764156405494
2458428.1787520354 1.0000459812195457 0.0006525664751927885
2458428.199585571 1.0005786386622715 0.0006528507828989847
2458428.2204191056 0.9999835067364674 0.0006527069207592399
2458428.2412526403 0.9990478264034034 0.0006525508565720188
2458428.262086175 1.0012496146105323 0.00065300208828769
2458428.282919709 0.9990924956588044 0.0006523375647821343
2458428.303753243 0.9994755267145576 0.0006523348803316896
2458428.324586776 0.9998071412707373 0.0006523938162209998
2458428.3454203093 0.9999003531994899 0.0006527645144233277
2458428.366253842 1.000358166211488 0.0006526138801472337
2458428.387087375 0.9998325683853501 0.0006524704450791504
2458428.407920907 0.9997043082715904 0.000652845230967383
2458428.428754439 0.999258990156208 0.0006522956507490534
2458428.4495879705 1.0017767742987471 0.0006532039101529469
2458428.470421502 0.99958192075924 0.0006523670327267894
2458428.491255033 0.9983267459197133 0.0006522742361557328
2458428.5120885638 0.9984274547864356 0.0006523875321665495
2458428.532922094 1.0001318836337783 0.0006526958168960365
2458428.553755624 1.0001447533772925 0.000652552625868903
2458428.574589154 1.0002389024232912 0.0006527457232702144
2458428.5954226837 0.9984128982318785 0.0006526147953007943
2458428.616256213 0.9991868321282527 0.0006522488558969821
2458428.637089742 1.0008418436594804 0.0006527648194745145
2458428.6579232705 0.9994685920469358 0.0006525488432341853
2458428.678756799 1.0002703270882796 0.0006525432913025836
2458428.6995903268 1.000063036753426 0.0006526345626177058
2458428.7204238544 0.999774154743672 0.0006524783153997728
2458428.741257382 0.9995759232088643 0.0006524584260623864
2458428.7620909093 1.0007311388754656 0.0006527127167317912
2458428.782924436 0.997568555593075 0.0006520148816366253
2458428.8037579623 0.9925493556225629 0.0006506779032946544
2458428.8245914886 0.9909640031399674 0.0006504098853218389
2458428.8454250144 0.991286683845067 0.0006507120080173504
2458428.86625854 0.9896927098838068 0.0006500965367426492
2458428.8870920655 0.9886808731558704 0.0006498714089667127
2458428.9079255904 0.9891341255306035 0.0006501780464197904
2458428.928759115 0.9902246801072189 0.0006502393617083585
2458428.949592639 0.9889532619020919 0.0006502276477427813
2458428.970426163 0.9897288201350259 0.0006499973951069048
2458428.991259687 0.9895152198773811 0.0006501703591298804
2458429.0120932106 0.9906082109588364 0.000650361565213833
2458429.0329267336 0.9947915648202436 0.0006516648048945321
2458429.0537602566 0.9996653866686324 0.0006525709899503545
2458429.074593779 1.0004389457181082 0.0006527223563492973
2458429.0954273012 1.0009912826230036 0.0006528820201405238
2458429.116260823 1.000514727266082 0.0006527743980817833
2458429.1370943445 1.0010934908773197 0.0006529826260219654
2458429.157927866 0.9998591200406584 0.0006525850833151897
2458429.178761387 1.0001378187096708 0.0006526609190402545
2458429.1995949075 1.0025770724269807 0.0006531377140453884
2458429.2204284277 0.9996587018989432 0.0006528242434457238
2458429.241261948 1.0011191054153818 0.0006530519946618678
2458429.2620954677 1.00113997189273 0.0006527216242264487
2458429.282928987 1.0014026146195911 0.0006528517590627828
2458429.303762506 1.0003076243546776 0.0006526116837786878
2458429.324596025 1.001356883297978 0.0006528997741196017
2458429.3454295434 1.0001186390433656 0.0006534626545696804
2458429.3662630618 1.000417142123514 0.0006526901429439601
2458429.3870965797 1.0002013552589615 0.0006527029550938102
2458429.407930097 1.0007679363459987 0.0006528921478399292
2458429.4287636145 1.0016581977298646 0.0006531993343851433
2458429.4495971315 1.0002495855598978 0.0006530255772290817
2458429.470430648 1.0003934642944272 0.0006527441370040424
2458429.4912641644 1.0007611891018262 0.0006529325976273128
2458429.51209768 1.0001929836782288 0.0006525093696105996
2458429.532931196 1.0001538121773388 0.0006525542121350749
2458429.553764711 1.0020801503885757 0.0006530975693091915
2458429.574598226 1.0005838865188499 0.0006529719492304237
2458429.595431741 1.000567080882902 0.000652661163081204
2458429.6162652555 1.000863772203041 0.0006526612851016788
2458429.6370987697 1.001085056822104 0.0006527867221497345
2458429.6579322834 1.0002328423984328 0.0006525072342522914
2458429.678765797 1.0007413846906903 0.0006527264440352019
2458429.6995993103 1.0024644309339903 0.0006530787171458407
2458429.720432823 1.0003594781756326 0.0006524262126570491
2458429.7412663354 1.0003979624572088 0.0006526398094981208
2458429.7620998477 1.0010749359558455 0.0006529085595937846
2458429.78293336 1.0009150012791648 0.0006528425465169382
2458429.8037668713 1.000609376107946 0.0006528078927021057
2458429.8246003827 1.0019395203271664 0.0006527541426829729
2458429.8454338936 1.0006694140861843 0.0006526382232319487
2458429.8662674045 1.0002907562442465 0.0006525222427706871
2458429.8871009145 0.9996807553914697 0.0006526856281863937
