time flux flux_err
2460092.75898394 1.0046727164873597 0.003304714439680418
2460092.7603728245 1.002370906632822 0.003303710211173124
2460092.761761709 1.0036111500708929 0.0033046356144537216
2460092.7631505937 1.0003605402418447 0.0033041485087184704
2460092.7645394783 1.0082486309497964 0.003310353981982984
2460092.765928363 1.0008712691410102 0.0033023792118344166
2460092.7673172476 1.0048615768497051 0.003304557521349873
2460092.7687061317 0.9999865055116552 0.003303054473141751
2460092.770095017 1.0016614464029847 0.0033039010511956525
2460092.771483901 1.0054396532416292 0.0033062104107010044
2460092.7728727856 1.0024756763409444 0.003305026079972961
2460092.77426167 1.0031084179055616 0.0033024987918996835
2460092.775650555 1.0019531397644774 0.003301718837025002
2460092.7770394394 1.0060563388640953 0.00330861543425857
2460092.778428324 1.0057581481563624 0.0033054951266779475
2460092.7798172086 0.9992283776594996 0.003302448275423132
2460092.7812060933 1.0026003129346857 0.0033036526175090363
2460092.782594978 1.003791638852506 0.003305066834811532
2460092.7839838625 1.000614249117626 0.003304648304583097
2460092.785372747 1.007189063716788 0.0033070528400587634
2460092.7867616317 1.0043284820855982 0.0033058951097942185
2460092.7881505163 1.0004823654838475 0.003304437209161758
2460092.789539401 1.0037457825819267 0.0033044359889570106
2460092.790928285 1.0024296326469155 0.003302344069937685
2460092.7923171697 1.0060491542985412 0.0033071904791542955
2460092.7937060543 1.0047039537288989 0.0033069359444439406
2460092.795094939 0.9985238529138256 0.003303250682065169
2460092.7964838236 1.0042546997210826 0.003306050563879065
2460092.797872708 1.0047196972986343 0.0033032084629809008
2460092.799261593 0.9985263518931486 0.003302861680791627
2460092.8006504774 1.00520587372595 0.0033072788219780233
2460092.802039362 1.0086309123117527 0.0033073181125708967
2460092.8034282466 1.0023626600010556 0.003302026084580454
2460092.8048171313 1.0020502251111811 0.0033044401376531524
2460092.806206016 1.003059188012896 0.0033053796953088225
2460092.8075949005 1.0041078222113655 0.003304913089013331
2460092.8089837846 1.0029254926191085 0.0033065208307887996
2460092.8103726697 0.9997189897751136 0.003304033565431244
2460092.811761554 1.0026451071390527 0.0033046829583979294
2460092.8131504385 0.9994158635832175 0.0033028448419661093
2460092.814539323 1.0052003759714392 0.0033086764444959517
2460092.8159282077 1.0067978485037516 0.003308748192535112
2460092.8173170923 0.9984267050926388 0.003303769269082909
2460092.818705977 1.0015474929458499 0.0033066816537745364
2460092.8200948616 1.002629238620351 0.0033065955073193543
2460092.821483746 1.0035653562747964 0.0033059624650962874
2460092.822872631 1.000270576986212 0.003306334627544312
2460092.8242615154 1.0051753861782076 0.0033092179713629464
2460092.8256504 1.0088234586686 0.0033116859574854893
2460092.8270392846 0.9989178794786003 0.003303957668695942
2460092.828428169 1.0103651414875237 0.003311724271914565
2460092.8298170534 1.0011715839811677 0.003310015009104094
2460092.831205938 1.004817407390169 0.0033089324434520022
2460092.8325948226 1.001735791037848 0.0033062728851840826
2460092.8339837072 1.0018911650772635 0.0033074911376041096
2460092.835372592 1.0043823350900116 0.0033115880970647302
2460092.8367614765 1.001341014779276 0.003307427930998183
2460092.838150361 1.003332888723262 0.003316058195137173
2460092.8395392457 1.0023287363567444 0.003314450453361705
2460092.8409281303 1.0009370547716916 0.0033098978694483224
2460092.842317015 1.0053361330231683 0.0033145344034483416
2460092.8437058995 1.0012342458876953 0.0033104037663366868
2460092.8450947837 1.0074726353954804 0.003316748586983379
2460092.8464836683 1.0052191807908455 0.003313417672063317
2460092.847872553 1.0072094303982717 0.003317864586245556
2460092.8492614375 0.9985146066903298 0.003311953182325219
2460092.850650322 1.0045902501696964 0.0033160289102232305
2460092.852039207 1.0054480872968448 0.0033171905451429683
2460092.8534280914 1.005555106086358 0.003318397571679317
2460092.854816976 1.0073419387768807 0.003319034762598526
2460092.8562058606 1.0008429057256927 0.0033131028592384296
2460092.8575947452 1.0018455587046167 0.0033180598190051752
2460092.85898363 1.003135656780184 0.003315719222258284
2460092.860372514 1.0037903268883615 0.0033158195230885384
2460092.8617613986 1.0064214397432047 0.0033189442234062526
2460092.863150283 0.9987410766914888 0.0033132629501013175
2460092.864539168 1.0095411655302036 0.003326699844782147
2460092.8659280525 1.0057008590553795 0.003319083326747481
2460092.867316937 1.0007852417778111 0.003317221294302608
2460092.8687058217 1.0034262256009812 0.0033200219082393533
2460092.8700947063 0.9972892946537149 0.003316972128493144
2460092.871483591 1.0120012232503788 0.0033273719335571374
2460092.872872475 0.9994374797543629 0.00331756441587764
2460092.87426136 1.0067524295545536 0.003322945518814659
2460092.8756502443 1.003888911622659 0.0033213934183756824
2460092.877039129 1.0055356765221204 0.003322308815977349
2460092.8784280135 1.005586343327897 0.003321893214240309
2460092.879816898 1.005040691192691 0.0033259582043365407
2460092.8812057828 1.0028041671729704 0.003320919978933604
2460092.8825946674 1.0027599977134338 0.0033225731123256845
2460092.883983552 1.0059007149267472 0.00332576882855971
2460092.8853724366 0.9993213396903201 0.0033214898145507445
2460092.886761321 1.0018541177087983 0.003324426603337324
2460092.8881502054 1.0035764767327844 0.003323985377300584
2460092.88953909 1.0047729255582174 0.0033240036803717983
2460092.8909279746 1.005185944365848 0.003327533488665723
2460092.892316859 1.005647006050966 0.0033301769402309745
2460092.893705744 1.004703453933034 0.0033236937483659018
2460092.8950946284 0.9996863156204637 0.0033273028699684223
2460092.896483513 0.9992392482195552 0.003323875070791399
2460092.8978723977 0.9965828331990653 0.0033217497181619884
2460092.8992612823 1.002204099763003 0.003324994974708767
2460092.900650167 1.0051925041865712 0.0033328255166561655
2460092.902039051 0.9955405713978696 0.0033209992922422
2460092.9034279357 1.0009681670642647 0.003329264715161651
2460092.9048168203 1.0013188363377832 0.0033272899357980976
2460092.906205705 1.0018361250576715 0.0033292737446767836
2460092.9075945895 0.9964641941556995 0.003324139367139734
2460092.908983474 1.0052711595607668 0.003330524698584047
2460092.9103723587 1.0047045784737296 0.0033257388115229187
2460092.9117612434 1.0045318990025012 0.003328848381301762
2460092.913150128 1.004491852858848 0.003328395441299444
2460092.9145390126 0.9985270391124624 0.003326914356776779
2460092.9159278967 1.0039736270217132 0.0033285628533908183
2460092.9173167814 1.0033167078321448 0.003335214433511063
2460092.918705666 1.00241145257234 0.0033323984449944977
2460092.9200945506 1.0047420006890935 0.003330536900631523
2460092.921483435 1.012539378447615 0.003335096317691493
2460092.92287232 1.0042188393677955 0.0033319872359945484
2460092.9242612044 1.008332034384706 0.003334624098454163
2460092.925650089 1.0005274720606303 0.0033264802079275746
2460092.927038973 1.005193816150716 0.0033306440346083646
2460092.928427858 1.0053147667499556 0.003332273496028341
2460092.9298167424 1.0034419066962337 0.003335460670829133
2460092.931205627 1.0036782476657191 0.0033324213848437527
2460092.9325945117 0.9998680538917386 0.0033323388990028134
2460092.9339833963 1.004316299561398 0.003331469869181556
2460092.935372281 1.0043835221051902 0.003332706912754697
2460092.9367611655 1.0035104412041707 0.0033312170427578485
2460092.93815005 1.0028425265055805 0.0033335212774032604
2460092.9395389347 1.00172873142126 0.0033319865038717
2460092.940927819 1.0022935632227712 0.0033346011586049074
2460092.9423167035 1.0031659569044769 0.0033352407899336117
2460092.943705588 1.0000634740748076 0.0033331649776169544
2460092.9450944727 1.007862413695406 0.0033385180158447786
2460092.9464833573 1.0000461061685115 0.003334474013270205
2460092.947872242 1.0049118688085834 0.0033350897285858556
2460092.9492611266 1.0015397461099482 0.0033321731951980863
2460092.950650011 1.0127038112870774 0.003343427143585417
2460092.9520388953 1.0057104176512903 0.003336688928928091
2460092.95342778 1.0076638073137003 0.0033355861078771887
2460092.9548166646 0.9999317153899951 0.0033349647796196993
2460092.956205549 0.9991842081999632 0.003335365250817869
2460092.957594434 1.004591687082807 0.0033349899158375
2460092.9589833184 1.0003714108019006 0.0033305525192522927
2460092.960372203 1.0011409090099763 0.003331584568427833
2460092.9617610876 1.0035302456153063 0.003335404053328844
2460092.9631499723 1.0030086461560856 0.003334443264110565
2460092.9645388564 1.0016958698431608 0.003331360782877119
2460092.965927741 1.0003512315438663 0.0033313737170474434
2460092.9673166256 1.009077292493347 0.0033390212282826985
2460092.9687055103 0.9998215728763283 0.003337745626239533
2460092.970094395 1.0052744082338867 0.003331827877254509
2460092.9714832795 1.004241392656187 0.003335155863683177
2460092.972872164 1.0031312835663684 0.003334452049584748
2460092.9742610487 1.0056949239794872 0.00333614520569255
2460092.975649933 1.0055672886105582 0.0033357149614985375
2460092.9770388175 0.9997154287295784 0.0033293860035135646
2460092.978427702 1.00426438326596 0.003332853581365361
2460092.9798165867 1.0065865598019808 0.003337399088091208
2460092.9812054713 1.004633420037503 0.003334654603572853
2460092.982594356 1.0067275647102887 0.0033354003927146005
2460092.9839832406 1.000087776648725 0.003331318075710952
2460092.9853721247 1.003987059035575 0.003335225659394741
2460092.98676101 1.0013427015903191 0.0033331586325522668
2460092.988149894 0.9994821490097638 0.003330714318401828
2460092.9895387786 1.0051641407712535 0.0033384445595189714
2460092.990927663 1.004630546211282 0.0033355382758510814
2460092.992316548 1.0040315408675269 0.0033342831732476766
2460092.9937054324 1.0033326388253299 0.003337386153920883
2460092.995094317 1.003777144772432 0.0033332808970679786
2460092.9964832016 1.0019558886417328 0.003329713506467827
2460092.997872086 0.9962583407339565 0.003329433835539672
2460092.9992609704 1.0061388676562415 0.0033344637635503247
2460093.000649855 1.0012861621831333 0.0033308356067537413
2460093.0020387396 1.0020675305429938 0.0033293677004423506
2460093.0034276242 1.0026917131034294 0.0033321175538615945
2460093.004816509 1.00413125014252 0.003336109819754869
2460093.0062053935 1.001148655845878 0.003330491264973962
2460093.0075942776 0.99744566828486 0.0033245159223248503
2460093.008983162 1.0056336365115872 0.0033353715958825566
2460093.010372047 1.0022726967454227 0.0033280047317392554
2460093.0117609315 0.9964453268618098 0.0033262368991008985
2460093.013149816 1.0055692877940163 0.0033290929103331856
2460093.0145387007 1.000595069451321 0.003326014577795881
2460093.0159275853 0.9994665303889942 0.003328626548078644
2460093.0173164695 1.0051265311324407 0.003329608812900481
2460093.018705354 1.00830573262733 0.0033311255274017766
2460093.0200942387 1.009828610626847 0.0033333282410121868
2460093.0214831233 1.0049558508446703 0.003329452870733735
2460093.022872008 1.0000790926955772 0.0033263123077543017
2460093.0242608925 1.004745686683595 0.0033265614735637663
2460093.025649777 1.0036558193262939 0.0033261605142836967
2460093.0270386618 1.0046162395546567 0.0033296293123402407
2460093.0284275464 1.00279523332189 0.003323214695981985
2460093.0298164305 1.0058389901374658 0.0033265575689085734
2460093.031205315 1.0020462267442642 0.0033247653321752647
2460093.0325941998 1.0088402643045482 0.003330381690587625
2460093.0339830844 1.0074975627142289 0.0033244183059450406
2460093.035371969 1.0015578637100409 0.003323431160304213
2460093.0367608536 1.0007545043321369 0.003324587182282112
2460093.038149738 0.9965491594526861 0.00331764153281769
2460093.0395386224 0.9987906814310528 0.0033185566863784075
2460093.040927507 0.9995306916831155 0.0033194757445943173
2460093.0423163916 1.0094492030911124 0.003330227456707526
2460093.043705276 0.998985289445842 0.003318973508320196
2460093.045094161 1.0054198488304933 0.003322856931949981
2460093.0464830454 0.9968752762543549 0.0033161702099330057
2460093.04787193 0.9987175238113681 0.003318258468338088
2460093.049260814 1.0018612397998692 0.0033208448143211508
2460093.050649699 0.99731253516142 0.00331648624296264
2460093.0520385834 1.0021061397735362 0.003318984734203873
2460093.053427468 1.0064889746594123 0.003323210303244893
2460093.0548163527 1.0007285149471763 0.00332321201153154
2460093.0562052373 1.006220646754591 0.0033228771873487924
2460093.0575941214 1.0036434493786444 0.0033189627705184164
2460093.058983006 1.0023643468120988 0.003319380812664952
2460093.0603718907 1.005488133440498 0.003319506249713008
2460093.0617607753 1.0003304275410012 0.0033144668041053234
2460093.06314966 1.001424668112118 0.003316164108909268
2460093.0645385445 1.0034364714162058 0.0033214014717270167
2460093.065927429 1.003261855236002 0.003317069744872953
2460093.0673163137 0.9978470043641549 0.0033141485747071433
2460093.068705198 0.999282855408744 0.0033150051584399745
2460093.0700940825 1.000552899175243 0.0033130323314040167
2460093.071482967 1.0069845847336727 0.0033197097798649115
2460093.0728718517 1.0019122814525443 0.003313583375868044
2460093.0742607363 0.9977284277952723 0.003314828472792519
2460093.075649621 1.0009248097730084 0.003316477457488457
2460093.0770385056 1.0076704920833897 0.0033179202275820468
2460093.0784273897 1.0067707970525788 0.00331589053900485
2460093.0798162743 0.9999786337267874 0.0033139716450187374
2460093.081205159 1.0053943592413974 0.0033163061407418906
2460093.0825940436 1.00179489189884 0.0033113035453175843
2460093.083982928 1.0071257770654298 0.0033129517978906734
2460093.085371813 1.0012135043593131 0.0033121745274664375
2460093.086760697 1.0071113454598388 0.0033112969562119478
2460093.0881495816 1.0080118526589297 0.003315628194984111
2460093.089538466 1.002264887435038 0.0033120915535435995
2460093.090927351 0.9995215704085862 0.003310535060367531
2460093.0923162354 1.001283600729327 0.0033094402926679635
2460093.09370512 0.9978835519367558 0.0033087196397440168
2460093.0950940046 0.9952764292834144 0.0033058419088672214
2460093.096482889 1.0002037292893184 0.0033078113193298862
2460093.0978717734 1.0053180154230756 0.0033121474389210407
2460093.099260658 1.0034497784811016 0.0033084502185357417
2460093.1006495426 1.0063172947799133 0.003312302160883039
2460093.1020384273 1.0065031563670712 0.003310359106842924
2460093.103427312 1.0029502949888904 0.003308283050485317
2460093.104816196 1.0046837119963814 0.003311076343193577
2460093.1062050806 0.9956417800604563 0.003307079196481312
2460093.1075939653 0.9977826556465843 0.0033059434299022245
2460093.10898285 1.001349698732424 0.0033056225160535994
2460093.1103717345 1.0000441694595363 0.0033047676406074145
2460093.111760619 1.0006810968145199 0.0033047315225468847
2460093.1131495032 1.0037985735201278 0.003305785291366932
2460093.114538388 0.998025618911276 0.003303677509685888
2460093.1159272725 0.9955242030833032 0.003302451447955476
2460093.117316157 1.0080893210179467 0.0033087769893671553
2460093.1187050417 0.9966305637041369 0.0033034034516995717
2460093.1200939263 1.0052164943880735 0.0033061152347306894
2460093.1214828105 1.0037486564081484 0.0033061598942244527
2460093.122871695 0.9998920440932406 0.003303540358672255
2460093.1242605797 1.0020699045733508 0.003304831091254291
2460093.1256494643 1.0039252717718108 0.003306937652730588
2460093.127038349 0.9977979618949384 0.0033000229964667556
2460093.1284272335 1.004384396747953 0.0033049335884530913
2460093.129816118 1.0018647383709216 0.003303695324675203
2460093.1312050023 1.0018360001087057 0.0033061528170369166
2460093.132593887 1.0004000865896336 0.0033029741836693577
2460093.1339827715 0.9986217504288093 0.0033008922703289625
2460093.135371656 1.0018584284481307 0.003304653429443037
2460093.136760541 1.0029924652649684 0.003304438917448405
2460093.1381494254 1.010252062673152 0.003308663266284677
2460093.1395383095 1.0017896440422616 0.003299242553510176
2460093.140927194 1.0052814053759915 0.0033021168678136767
2460093.142316079 1.0023223014849871 0.003305774309524204
2460093.1437049634 1.0038562374680091 0.0033080021593524145
2460093.145093848 0.9997597231380808 0.0033017444613247025
2460093.1464827326 1.0095367298419051 0.003307109701600003
2460093.147871617 1.0053235756520695 0.0033061616025110998
2460093.1492605014 1.001348886564144 0.0033031718568384727
2460093.150649386 1.0017011176997395 0.003304218548470984
2460093.1520382706 1.0089362875850392 0.0033047007733872447
2460093.153427155 0.9986804139684196 0.003299479761313114
2460093.15481604 1.0038944718516531 0.0033013840128422543
2460093.1562049245 1.000276886909003 0.003301940426207171
2460093.1575938086 1.0071070971949891 0.0033036499330585914
2460093.158982693 0.9995284426017248 0.0032986117076556545
2460093.160371578 1.0018413729142503 0.003302080505712198
2460093.1617604624 0.9992897900763656 0.003303354399468717
2460093.163149347 1.0069765879998387 0.0033058841279514895
2460093.1645382317 1.0015030735883812 0.003301377911818517
2460093.165927116 1.0069607194811367 0.0033046548936887334
2460093.1673160004 1.0057989439938124 0.0033043444736009387
2460093.168704885 1.0030188919713103 0.0033005991771485835
2460093.1700937697 0.9996390224367736 0.0033001916287628773
2460093.1714826543 0.9956345330204195 0.0033011194724529695
2460093.172871539 0.9960779769013093 0.003297108659447532
2460093.174260423 1.0036821835581529 0.0033041785257552614
2460093.1756493077 0.9985579639815862 0.003298052365799344
2460093.1770381923 0.9996656365665648 0.0032994736602893755
2460093.178427077 1.0077395888616743 0.003305560041570521
2460093.179815961 1.0070722989079148 0.003302106618093797
2460093.181204846 1.0026462941542311 0.0033050765964495127
2460093.1825937303 0.9968527229659635 0.0033040935995048274
2460093.183982615 1.0027942962046439 0.0033037314427357325
2460093.1853714995 1.005479324538384 0.0033065647581597135
2460093.186760384 1.0092833958130225 0.00330544753869279
2460093.1881492687 1.006486850526988 0.0033052593831207062
2460093.189538153 0.9973548303864641 0.0033006792225800273
2460093.1909270375 0.9966572403084115 0.00329960471027927
2460093.192315922 1.002807978116438 0.0033046134067273142
2460093.1937048067 1.0043582824140265 0.0033048210855753605
2460093.1950936913 1.0036416376186352 0.003305869729535468
2460093.196482576 1.0007781821612236 0.003301864285430919
2460093.19787146 0.9963448054185368 0.0033011328947051936
2460093.1992603447 1.0021069519418162 0.0033052976975497814
2460093.2006492293 1.004575631140656 0.0033062082143324586
2460093.202038114 1.0088899315185953 0.003307155337257564
2460093.2034269986 1.0019267755326184 0.003304689303462617
2460093.204815883 0.9972069532850176 0.0033008134451022655
2460093.2062047673 1.0056626246717355 0.0033075431183263587
2460093.207593652 1.0008207272841996 0.003301904064105692
2460093.2089825366 1.0046033698111427 0.0033061171870582854
2460093.210371421 1.0036162729785054 0.003302862168873525
2460093.2117603053 0.9980386760782392 0.003302729166556035
2460093.21314919 1.0055248684365479 0.00330835357831973
2460093.2145380746 1.0040757728015464 0.003306460064592368
2460093.215926959 0.9985356605911272 0.0033017725260338976
2460093.217315844 1.0115082371044075 0.0033082003206034286
2460093.2187047284 1.0008827019714135 0.00330407700472026
2460093.2200936126 1.0077000425138856 0.003311133692816715
2460093.221482497 1.0037841419145368 0.0033074315916124257
2460093.222871382 0.9988513441541219 0.003304264672210444
2460093.2242602664 1.003390927518042 0.0033053918973562986
2460093.225649151 1.0021296301791736 0.003307653912917443
2460093.2270380356 1.0020746526340647 0.003305619343521256
2460093.22842692 1.003160584098932 0.0033102109739865625
2460093.2298158044 1.0056453192399228 0.003309836127088092
2460093.231204689 0.9997559121946129 0.0033060081007538484
2460093.2325935736 1.0024786126416492 0.003307602420277093
2460093.2339824582 1.0038185028802296 0.0033066784812421928
2460093.2353713424 1.006327540595138 0.003308079032251514
2460093.236760227 1.005279968462881 0.003308622999528005
2460093.2381491116 0.994081104998677 0.00330180742388968
2460093.2395379962 1.000390840366138 0.003306126948696267
2460093.240926881 1.0045659475957789 0.0033093287659540305
2460093.2423157655 1.0029362382301978 0.0033083574829749223
2460093.2437046496 1.0004208281180156 0.003305910240333089
2460093.2450935342 1.0059225185213414 0.0033092511609320815
2460093.246482419 1.00310473191106 0.0033091369497677044
2460093.2478713035 1.0011323500057945 0.0033078686689530243
2460093.249260188 1.0014284790555856 0.0033092250485504825
2460093.250649072 1.0064875377463018 0.0033132551407909334
2460093.252037957 0.998563274312648 0.003306864196404781
2460093.2534268415 1.003554548189224 0.0033081890947197503
2460093.254815726 1.0045721950440867 0.003309874441517168
2460093.2562046107 1.0027705559010742 0.003308269872274043
2460093.257593495 1.0016362691863043 0.0033063041224256217
2460093.2589823795 1.0047877320107068 0.0033064966707347966
2460093.260371264 1.0013851217643295 0.003307590706311516
2460093.2617601487 0.9971249867632189 0.003306219928298036
2460093.2631490333 1.00389522154545 0.003308812131263887
2460093.264537918 0.9993971837127773 0.0033042139116929428
2460093.265926802 1.0021491846923771 0.00330355304880163
2460093.2673156867 0.9969768597638402 0.0033045387301967604
2460093.2687045713 1.0054089157959545 0.0033093385275920115
2460093.270093456 1.0023845885446163 0.003304745676921957
2460093.2714823405 0.9958188327455004 0.0033012297789621558
2460093.2728712247 1.0046591595245316 0.0033081612740515046
2460093.2742601093 0.9975292591432185 0.0033040733441060165
2460093.275648994 1.0061321204120692 0.0033060122494499903
2460093.2770378785 1.003205503252265 0.003304060409935692
2460093.278426763 1.0029461091985243 0.0033040704156146222
2460093.2798156478 1.0057955703717263 0.003305167623723685
2460093.281204532 1.0014449098446354 0.003302090999473028
2460093.2825934165 1.0021190095170505 0.0033010189275817655
2460093.283982301 1.00424470380379 0.0033017495861846426
2460093.2853711857 0.9980818459460464 0.0032969617467959182
2460093.2867600704 1.00161771426483 0.003304292004796791
2460093.2881489545 0.9965575310334186 0.003294248255478153
2460093.289537839 0.9998456880267965 0.0032963255320405073
2460093.2909267237 1.0024278833613895 0.003298329596318004
2460093.2923156084 0.9976705139494588 0.0032943707640348146
2460093.293704493 1.0034674587598127 0.0032991949655250185
2460093.295093377 1.0090465550476728 0.003304999235468513
2460093.2964822617 1.0022027877988584 0.0032966452256843843
2460093.2978711464 1.006024351928759 0.0033003729511883735
2460093.299260031 1.0000290506346314 0.003293108584243873
2460093.300648915 1.0055066258874892 0.0033031764936165137
2460093.3020377997 1.0033283905604804 0.003295198794976552
2460093.3034266843 0.9997401061503942 0.003292294707677208
2460093.304815569 0.9987867455386192 0.0032925397247905303
2460093.3062044536 1.0022486440694378 0.003292342295662365
2460093.307593338 1.001041074786017 0.0032899426410056888
2460093.3089822223 1.0012216260421134 0.003291196279363397
2460093.310371107 1.0005787636112375 0.0032903421360400606
2460093.3117599916 1.0062647537396443 0.003295300804093453
2460093.313148876 0.9986173772149936 0.00328825314551213
2460093.314537761 1.0112334743278293 0.003298237104798134
2460093.315926645 1.0013692532456275 0.0032885923624319693
2460093.3173155296 0.9957751630818288 0.0032843775311927285
2460093.318704414 0.9983877834896808 0.0032888642240497395
2460093.320093299 1.0033100230624554 0.003286786459405486
2460093.3214821834 0.998212355141197 0.003284030260921555
2460093.3228710676 1.0079766795249565 0.0032880930546492415
2460093.324259952 1.005079050525301 0.003285380051413376
2460093.325648837 1.005056809609325 0.0032862725091657875
2460093.3270377214 1.0062455115988564 0.003283971691093669
2460093.328426606 0.9998798615690403 0.0032868674810007286
2460093.32981549 0.9993894993513586 0.003283381111995819
2460093.331204375 1.0026419834148987 0.003279727818981435
2460093.3325932594 1.0018781703847834 0.0032798276317297904
2460093.333982144 1.0029361132812316 0.003281038318880382
2460093.3353710286 1.005025572367786 0.003279178238763105
2460093.336759913 0.9991427876176826 0.0032755610638092506
2460093.3381487974 0.9973377748525837 0.0032708078782353583
2460093.339537682 1.0036888058533593 0.003275248691393859
2460093.3409265666 1.0007366366299764 0.003272734337490906
2460093.3423154512 1.001158339390755 0.003274824548223585
2460093.3437043354 1.0075980216830187 0.0032772183458974727
2460093.34509322 0.9993577623139549 0.003275086892244324
2460093.3464821046 1.0036478225924599 0.003269392928810014
2460093.3478709892 1.002518283938404 0.003271198587795548
2460093.3492598734 1.0024886710334249 0.003269891992551792
2460093.350648758 1.000358978379768 0.0032692643192296146
2460093.3520376426 1.0075332981185496 0.0032697260447061153
2460093.353426527 1.0036661900904849 0.0032711085366851724
2460093.354815412 1.004353846725728 0.0032683767422961927
2460093.356204296 1.0051332783766131 0.0032673344434007733
2460093.3575931806 0.9983960301214474 0.003261296138186684
2460093.358982065 1.0043966417466363 0.003266293120669152
2460093.36037095 0.9983185617624301 0.0032615767852786377
2460093.3617598345 1.000324679888558 0.0032664288074370873
2460093.3631487186 1.013754069822107 0.003266777785994908
2460093.364537603 1.0036166478254038 0.0032620614506043938
2460093.365926488 1.002080400286508 0.003261184611472752
2460093.3673153725 1.0027437543478335 0.0032575976975966377
2460093.368704257 0.996605011640558 0.003256139796964177
2460093.370093141 1.0000710959617432 0.003256606891341568
2460093.371482026 0.9983406152549568 0.0032553891270034395
2460093.3728709104 1.0010405125156692 0.003259497312347738
2460093.374259795 0.9955345113730111 0.003253105147756838
2460093.3756486797 1.0089563418941077 0.003257531806540266
2460093.377037564 1.0019453929285755 0.0032538843705086705
2460093.3784264484 1.0077740123018504 0.00325282181621444
2460093.379815333 1.001400115640268 0.003250053415683032
2460093.3812042177 1.0076130155589575 0.003251876157535032
2460093.3825931023 1.0063693360243176 0.003250514653077633
2460093.3839819864 1.0004526901043855 0.0032490721270249934
2460093.385370871 1.0020287963634853 0.0032473679890744622
2460093.3867597557 1.0030762435467764 0.00325172314385968
2460093.3881486403 1.010806523710472 0.0032511882060983215
2460093.3895375244 0.9987601314088275 0.0032420127544780927
2460093.390926409 1.0029108111155849 0.0032470414622839984
2460093.3923152937 1.005493068924661 0.0032478648564476945
2460093.3937041783 0.9993173413234032 0.003241720637461512
2460093.395093063 0.998909445423385 0.003238919291401918
2460093.396481947 0.9952423806901368 0.0032432707855728927
2460093.3978708317 1.0032041912881207 0.0032387972709271556
2460093.3992597163 1.0008837640376258 0.003239803207721096
2460093.400648601 1.0032707890870822 0.003240994615636676
2460093.4020374855 1.0040740859905033 0.003240244921839736
2460093.4034263697 1.001025831012146 0.0032361008624758577
2460093.4048152543 1.0040201080371236 0.00324056119891032
2460093.406204139 1.0039652554409808 0.0032378074408358835
2460093.4075930235 0.9980955278578406 0.003233656304284469
2460093.408981908 1.0011993226516545 0.0032395269533662344
2460093.4103707923 0.996164691483822 0.003234275436173413
2460093.411759677 1.0011001756470093 0.003238245006258381
2460093.4131485615 0.9987743131164863 0.0032375245973753847
2460093.414537446 1.0061217496478783 0.0032365425765944968
2460093.4159263307 0.9978967340526851 0.003232353613695906
2460093.417315215 1.0062855577425096 0.003233797848035193
2460093.4187040995 1.0031831998618064 0.003233852757248836
2460093.420092984 1.0000329865270654 0.0032329729896258
2460093.4214818687 1.0048242171088246 0.0032332831656726457
2460093.4228707533 0.9941991817716951 0.0032272350988205756
2460093.4242596375 1.0088285815762124 0.0032332753563622607
2460093.425648522 1.0050379423154356 0.0032314997144135198
2460093.4270374067 1.0013891201312464 0.00322929675676216
2460093.4284262913 1.0042754412494648 0.0032290839530541744
2460093.4298151755 1.0018035758519879 0.0032330115480958244
2460093.43120406 1.0002272196949555 0.0032272248491006955
2460093.4325929447 1.0053914854151755 0.003229985684362668
2460093.4339818293 0.9974597250435523 0.0032263099395809275
2460093.4353707135 1.0004465676050438 0.003225347442076002
2460093.436759598 1.001779773073935 0.003224928179724719
2460093.4381484827 1.0013173994246725 0.003227272925167752
2460093.4395373673 1.001363318169735 0.003224598480401911
2460093.440926252 1.0038691072115231 0.003231588057237247
2460093.442315136 1.0018305023541947 0.003224259019441122
2460093.4437040207 1.0039091533551765 0.003225494842809515
2460093.4450929053 0.997918912494178 0.003221579449815341
2460093.44648179 1.0075625986511134 0.003224766380575184
2460093.4478706745 0.9969596168065104 0.0032203809647122247
2460093.4492595587 1.0005708918263696 0.003221031577883658
2460093.4506484433 1.0017665284835224 0.0032240708638690383
2460093.452037328 1.0027931091894655 0.0032217693136740713
2460093.4534262125 1.0093370613939867 0.003226907351825364
2460093.454815097 1.0037187311307538 0.0032228108804466422
2460093.4562039813 1.005417974596001 0.003225171732592344
2460093.457592866 0.9954786591851392 0.0032197132686743258
2460093.4589817505 1.00326891485259 0.0032209888707174917
2460093.460370635 1.0006944663538984 0.0032176882168751695
2460093.4617595193 1.0007160200505607 0.0032222220096354394
2460093.463148404 1.0004646852051364 0.0032230222199089308
2460093.4645372885 0.999357075094641 0.003217619397327404
2460093.465926173 1.0014865178503656 0.0032275516199321086
2460093.4673150573 0.9996292764174132 0.003220143512868338
2460093.468703942 0.99890001177644 0.003220256503827968
2460093.4700928265 1.0046996429895665 0.003221081118196412
2460093.471481711 1.0032171859806007 0.0032207026106836983
2460093.4728705958 1.001290597871432 0.003219475816830438
2460093.47425948 0.998501174676468 0.0032195497612381445
2460093.4756483645 1.0049474167894548 0.0032212014303845274
2460093.477037249 1.0039959304121724 0.003225482640762039
2460093.4784261337 1.0033778078765951 0.0032214401024331625
2460093.4798150184 1.0023093067925068 0.0032200322301953544
2460093.4812039025 1.0018414978632164 0.0032195607430808727
2460093.482592787 1.0025241565398133 0.00321943896664706
2460093.4839816717 0.9993934352437926 0.003221407889027825
2460093.485370556 1.0045672595599235 0.003220857576686647
2460093.4867594405 1.002563827836568 0.003219849199483211
2460093.488148325 1.0055995879183095 0.0032238651373485893
2460093.4895372097 1.0027261365436055 0.00322356203848928
2460093.4909260944 1.0041915380186903 0.003224073060237584
2460093.4923149785 1.003687056567833 0.0032266335378799966
2460093.493703863 0.9999133478919705 0.0032209293247258074
2460093.4950927477 1.0035973432101326 0.003223533729739135
2460093.4964816323 0.9967360206315733 0.0032163923594331935
2460093.497870517 1.0011157942677789 0.003223873190699924
2460093.499259401 1.0034162921581715 0.0032246380150357337
2460093.5006482857 0.9975971064318416 0.003221045244176832
2460093.5020371703 1.003169517950012 0.0032218015270794086
2460093.503426055 0.998012936591211 0.0032187178256412145
2460093.504814939 0.9977051872875674 0.0032194382345242115
2460093.5062038237 1.0032820344940363 0.003225395762184008
2460093.5075927083 1.000651921230922 0.0032225736726437045
2460093.508981593 0.9970791304926394 0.0032217890809909822
2460093.510370477 0.9948176791541704 0.0032187898177213244
2460093.5117593617 1.002042978071144 0.0032256778735216584
2460093.5131482463 0.9993836892244323 0.00322302807689172
2460093.514537131 0.9991571567487904 0.003225135126449916
2460093.5159260156 1.001432664845952 0.003225015058302749
2460093.5173148997 1.0112152317787704 0.003234920924484906
2460093.5187037843 1.0012836632038102 0.00322427000128385
2460093.520092669 0.9948849641724457 0.0032262059781364297
2460093.5214815536 0.9993576373649888 0.003225937289051003
2460093.5228704377 0.9956941336772761 0.003223384132637076
2460093.5242593223 0.9978993579809745 0.0032272448604585566
2460093.525648207 0.9988388492575064 0.003224931840338961
2460093.5270370916 1.0020193627165404 0.003226275041725145
2460093.528425976 1.0033976122877313 0.0032299090555045168
2460093.5298148603 1.0049805282654867 0.003232122506916706
2460093.531203745 0.999506201685749 0.0032254516475614487
2460093.5325926295 0.9977362995801402 0.003223625977218055
2460093.533981514 1.0007073360974128 0.00323291661616646
2460093.535370399 1.0004328856932496 0.0032304383803240366
2460093.536759283 1.0009736648187755 0.0032289153207580527
2460093.5381481675 1.0019438310664988 0.003229612545750845
2460093.539537052 1.0049605364309016 0.003232202308307201
2460093.5409259363 0.9983274956135104 0.003229826081581679
2460093.542314821 0.9983999035393981 0.003230213618609524
2460093.5437037055 1.0037288519970125 0.003238199126559871
2460093.54509259 0.9989451183532225 0.003232297972359414
2460093.546481475 1.0011218542926374 0.0032320995670674507
2460093.547870359 1.0019854390722287 0.0032329214969854495
2460093.5492592435 1.0004356345705052 0.003231842835988551
2460093.550648128 1.0014580294860815 0.0032326469509172348
2460093.5520370128 1.0022565158543055 0.0032381325033806504
2460093.553425897 1.0061350567127738 0.0032366699659701487
2460093.5548147815 0.9990559480862036 0.003231239078679427
2460093.556203666 1.0030619368901514 0.003239161624064796
2460093.5575925508 0.9990768770380348 0.003236503041960674
2460093.558981435 1.005777140399218 0.0032387877533301243
2460093.5603703195 0.9963120687894038 0.00323523695751454
2460093.561759204 1.00878509933599 0.003240276891204124
2460093.5631480888 0.9965585306251475 0.0032352035239044553
2460093.5645369734 1.0022026628498923 0.003239248258601877
2460093.5659258575 0.9990646945138344 0.003238643281088005
2460093.567314742 1.0024619319546673 0.003241957113141601
2460093.5687036267 1.000160371998062 0.0032404086733168673
2460093.5700925114 1.0048039129018242 0.0032448136124557875
2460093.5714813955 1.004695144826785 0.0032428100362601898
2460093.57287028 1.0053912979917263 0.0032450586295691103
2460093.5742591647 1.0040497834165856 0.003247207166088725
2460093.5756480494 1.006343596537289 0.003247048051389636
2460093.577036934 1.0039566964367992 0.003249481627738296
2460093.578425818 0.9985274764338442 0.0032443113761816654
2460093.5798147027 0.9954147477889501 0.003241907572828848
2460093.5812035874 0.9976153489809007 0.003242746829654263
2460093.5825924715 0.9999221567940845 0.0032469804520466167
2460093.583981356 0.9961228960546425 0.0032460955595636407
2460093.5853702407 1.00293811246469 0.0032492192837175566
2460093.5867591253 1.0007400727265459 0.003249352286035048
2460093.58814801 1.0012656705526837 0.003251525470690565
2460093.589536894 1.0050086417828719 0.003254490080145391
2460093.5909257787 1.0013452005696424 0.003252327389250703
2460093.5923146633 1.006080266591114 0.0032543082696379943
2460093.593703548 0.9949689923521859 0.0032494596640528384
2460093.595092432 1.0002798856841908 0.0032506498517636704
2460093.5964813167 0.9952956089497197 0.0032530953861188566
2460093.5978702013 0.9951468572055101 0.003252294931804416
2460093.599259086 0.9988396614257865 0.003256566868625845
2460093.6006479706 0.9981918010362641 0.0032556436617137935
2460093.6020368547 0.9964671304564041 0.003257250915407364
2460093.6034257393 1.002983531413888 0.003258900144144251
2460093.604814624 0.9972867956743917 0.0032597286631678873
2460093.606203508 1.0008607734278527 0.0032582290315330584
2460093.6075923927 1.0090950352465415 0.0032647715253488648
2460093.6089812773 0.9997188648261475 0.0032617088114323305
2460093.610370162 1.001570733453555 0.0032615404231771585
2460093.6117590466 1.0016418918897811 0.0032627301228060914
2460093.6131479307 0.9979242228252398 0.0032601318188165023
2460093.6145368153 1.00024496244815 0.0032626947368684105
2460093.6159257 0.9940301882949681 0.003259222034156674
2460093.6173145846 1.0054015438069515 0.003268258870517573
2460093.6187034687 0.9948232393831645 0.003260795610199209
2460093.6200923533 1.0022458951921824 0.0032639730233620205
2460093.621481238 1.004901872891291 0.003269593042388624
2460093.6228701225 0.9995671767812334 0.0032644406058213097
2460093.624259007 0.9961535085513512 0.003263329731419073
2460093.6256478913 0.9986743539435613 0.0032664236825771472
2460093.627036776 1.004443934930327 0.0032681507603769333
2460093.6284256605 0.9998060792045248 0.003268636401866488
2460093.6298145447 0.9999563303363281 0.0032722679752363645
2460093.6312034293 0.9938145888538648 0.003265243500545246
2460093.632592314 0.9975659316647856 0.003267775669437514
2460093.6339811985 0.99262763614986 0.003264115299235593
2460093.635370083 0.9963374959040167 0.0032718711646524366
2460093.6367589673 0.9902809696164722 0.0032635854863341755
2460093.638147852 1.0001256986599536 0.0032747857457126103
2460093.6395367365 0.996560279910674 0.003267145555705841
2460093.640925621 0.9961302055691629 0.003278030026095592
2460093.6423145053 0.9924813209104903 0.0032670101129788558
2460093.64370339 0.9949538735272813 0.0032754280614917595
2460093.6450922745 0.9930762654128454 0.0032688782464474664
2460093.646481159 0.9906543796018312 0.003267960408436304
2460093.6478700438 0.9955503798917129 0.0032716722712785745
2460093.649258928 0.9928973384933091 0.0032694166007821174
2460093.6506478125 0.9882063794568906 0.0032648454697565715
2460093.652036697 0.9957542341299976 0.003271277168981294
2460093.6534255813 0.9917586160902406 0.0032685624574587814
2460093.654814466 0.9942536595209394 0.003274027022400538
2460093.6562033505 0.9900602472677564 0.0032673207771076
2460093.657592235 0.9937649841143008 0.0032687777015762624
2460093.6589811197 0.9943368130579167 0.0032704000858087027
2460093.660370004 0.9967056580327971 0.0032703654319938694
2460093.6617588885 0.9911669202610061 0.0032693987857928025
2460093.663147773 0.9924158476522243 0.003269981799621217
2460093.6645366577 0.9939534071552649 0.003269739955040238
2460093.665925542 0.995482657552056 0.003271040937342154
2460093.6673144265 0.991425439671984 0.0032724185485022207
2460093.668703311 0.9883180213581515 0.003269633309145296
2460093.6700921957 0.9946610556250931 0.0032707944559831345
2460093.67148108 0.9912207732654192 0.003268881907061709
2460093.6728699645 0.9949108910829234 0.003271009456059666
2460093.674258849 0.9877962344754813 0.0032649987274728726
2460093.6756477337 0.9925327998845472 0.003274554150851512
2460093.677036618 0.993603987371408 0.003270536016617588
2460093.6784255025 0.9896860875886003 0.003269155965048025
2460093.679814387 0.995093441522478 0.003270969189302994
2460093.6812032717 0.9943835439712592 0.0032710480145296907
2460093.682592156 0.9936401600971104 0.003272340943480272
2460093.6839810405 0.9947335884999472 0.003271396993087511
2460093.685369925 0.9848168263774765 0.0032638309915293973
2460093.6867588097 0.9936452205302396 0.0032733544455436484
2460093.6881476943 0.9941756288915745 0.0032732085090558323
2460093.6895365785 0.9918728819197907 0.0032678693811621314
2460093.690925463 0.9946476860857144 0.0032717188830999337
2460093.6923143477 0.9923972302562672 0.0032689997788403298
2460093.693703232 0.9903523779506307 0.003267915016819693
2460093.6950921165 0.9908811619754057 0.003268140266616104
2460093.696481001 0.9883704999239373 0.0032673466454482495
2460093.6978698857 0.994415156059697 0.003268098047531836
2460093.6992587703 0.9880541916161116 0.003265709862799788
2460093.7006476545 0.9924626410400502 0.003269702128693062
2460093.702036539 0.9906333881755169 0.003268026299492676
2460093.7034254237 0.9869505173980503 0.0032658948458395274
2460093.7048143083 0.9910360362189568 0.003272438071778183
2460093.7062031925 0.9876626015561768 0.003262622500747351
2460093.707592077 0.9937135676147274 0.0032685495232884568
2460093.7089809617 0.9939635904960069 0.003268785022804748
2460093.710369846 0.9892145301903251 0.003265385776418819
2460093.7117587305 0.9847755932186448 0.0032662923885463033
2460093.713147615 0.9912047173232684 0.003264880123571404
2460093.7145364997 0.9950834456051856 0.00326699205394859
2460093.7159253843 0.9899253648587903 0.003265356491504876
2460093.7173142685 0.9906104600402272 0.003263941053997633
2460093.718703153 0.9931805977995862 0.003267519182399564
2460093.7200920377 0.9926594356617469 0.003269479807388045
2460093.7214809223 0.9872955014936087 0.003264577756834942
2460093.7228698065 0.983899201170022 0.0032602928858431884
2460093.724258691 0.9943622401725296 0.0032671348179040623
2460093.7256475757 0.9904940076037693 0.003264299794193434
2460093.7270364603 0.9944430196791497 0.003267443041623312
2460093.728425345 0.988234617923242 0.003263783891626139
2460093.729814229 0.9936658995841385 0.003269401226202298
2460093.7312031137 0.9919347941325216 0.0032673442050387544
2460093.7325919983 0.9872503949168262 0.003263369754134796
2460093.7339808824 0.9926696190024886 0.0032651058614497136
2460093.735369767 0.9865921012886301 0.003263738011927628
2460093.7367586517 0.9924415246647696 0.0032648432733880257
2460093.7381475363 0.9931954667265589 0.003261868658254269
2460093.7395364204 0.9911683571741167 0.003259826279547697
2460093.740925305 0.9891784824135891 0.0032602443216942327
2460093.7423141897 0.9920179476694986 0.003261708323350432
2460093.7437030743 0.9923483127360168 0.0032590839069792437
2460093.745091959 0.9950122246944765 0.0032623106164138584
2460093.746480843 0.9868090126938778 0.003256099042125607
2460093.7478697277 0.992753709656712 0.0032608117169018775
2460093.7492586123 0.9893775261166768 0.0032545769587234213
2460093.7506474964 0.9897977294898614 0.0032569934522056142
2460093.752036381 0.9975941701311369 0.003264055997284859
2460093.7534252657 0.9901038544569453 0.0032560111873837774
2460093.7548141503 0.9977145584600288 0.003260689208345216
2460093.756203035 0.9979106033879288 0.003259027289478953
2460093.757591919 0.9955982978202339 0.003255714677630105
2460093.7589808037 0.9893547229303531 0.0032547307045216215
2460093.7603696883 0.9916013678163325 0.0032541440300789645
2460093.761758573 0.9908827863119658 0.003252427446040008
2460093.763147457 0.9873875264071831 0.0032478077508655057
2460093.7645363417 0.994988921712288 0.0032508948688769928
2460093.7659252263 0.9907237262780482 0.0032523539897142007
2460093.7673141104 0.9905561697144322 0.003251436151703039
2460093.768702995 0.9963302488639795 0.0032556334119939138
2460093.7700918796 0.9869099714585324 0.003248690691020886
2460093.7714807643 0.9918473298562118 0.003256476329433572
2460093.772869649 0.9871371286790052 0.003245169912242093
2460093.774258533 0.9937203773333827 0.0032516562766395102
2460093.7756474176 0.9928676006393639 0.003250718427270487
2460093.7770363023 0.9978642473214846 0.003253367247736628
2460093.778425187 0.988752343964512 0.003246037965899553
2460093.779814071 0.9932948011546534 0.0032507760209345747
2460093.7812029556 0.9909759357662353 0.0032482277453396375
2460093.7825918403 0.9900794269340618 0.003248626020169262
2460093.783980725 0.9901181611135702 0.0032467962011297254
2460093.785369609 0.9901289067246597 0.0032489059351383668
2460093.7867584936 0.9908627944773808 0.003246705905978402
2460093.7881473782 0.9986458655792775 0.0032519461972875447
2460093.789536263 0.985412270675696 0.003242885932995492
2460093.790925147 0.988765151233543 0.0032447623638563873
2460093.7923140316 0.998246028887576 0.0032515523151950125
2460093.7937029162 0.9884910756762784 0.0032431743893978305
2460093.795091801 0.9901956294725872 0.0032460284483025216
2460093.796480685 0.9909976768863469 0.0032432434529865457
2460093.7978695696 0.9892966216610904 0.003244061234208403
2460093.7992584542 0.9957854713715368 0.003251202604514344
2460093.800647339 0.9947433969937904 0.0032481350097788185
2460093.8020362235 0.9994364176881504 0.0032479492946162303
2460093.8034251076 0.9916491607958874 0.003243911149024445
2460093.804813992 0.9953074166270212 0.0032474238744519034
2460093.806202877 0.9872767591486851 0.003240716164913268
2460093.807591761 0.996541974887132 0.0032462734654158444
2460093.8089806456 0.983927127263958 0.0032377220265035495
2460093.81036953 0.9950333410697568 0.003244837284427892
2460093.811758415 0.9910247908120026 0.003241658407019383
2460093.813147299 0.988922337032968 0.0032411041900230124
2460093.8145361836 0.9949368804678839 0.003246628789038352
2460093.815925068 0.9860215218346755 0.0032397629409644246
2460093.817313953 0.9889328327461251 0.0032403181341245937
2460093.8187028375 0.9906942383220354 0.0032449739473596247
2460093.8200917216 0.9893316073716141 0.003241702334390297
2460093.821480606 0.9962121720909616 0.0032466605143617903
2460093.822869491 0.9861378493221676 0.0032396135879033156
2460093.824258375 0.9936548416006336 0.0032414783047986337
2460093.8256472596 0.9954412369697752 0.0032470922228014995
2460093.827036144 0.995256000127448 0.003244531989200036
2460093.828425029 0.9961708139831635 0.0032448734024884207
2460093.8298139134 0.9943995374389274 0.003242760739988386
2460093.8312027976 0.9892516400332739 0.0032429786685563115
2460093.832591682 0.9910852036371394 0.0032486596978202964
2460093.833980567 0.9954249936041747 0.0032491680351181564
2460093.8353694514 0.9893655310159256 0.0032400550579810058
2460093.8367583356 0.9949853606667528 0.003250002167083632
2460093.83814722 0.9934532989182232 0.003243972403302776
2460093.839536105 0.9942523475567949 0.003245368317534057
2460093.840924989 0.9862626733393581 0.003242341233596153
2460093.8423138736 0.9924786969822013 0.003247582501069095
2460093.843702758 0.9925551657494893 0.0032457995378918675
2460093.845091643 0.9907900117045944 0.003244525156053449
2460093.8464805274 0.9867713405805816 0.0032431904961004988
2460093.8478694116 0.9888563015043544 0.0032420627828727453
2460093.849258296 0.9994503494978768 0.0032514605557979913
2460093.850647181 0.9904054187867641 0.0032451723526515886
2460093.8520360654 0.9921201559238148 0.0032480095727307626
2460093.8534249496 0.993260190291028 0.003246824509879871
2460093.854813834 0.995847883380132 0.003251118410386757
2460093.856202719 0.9886850589462366 0.0032453763708853917
2460093.8575916034 0.9877756803705486 0.00324455566117214
2460093.8589804876 0.9921194062300179 0.003248384419629233
2460093.860369372 0.9900801141533755 0.0032448214217661725
2460093.861758257 0.996547597590609 0.003250953194663929
2460093.8631471414 0.9917661130282099 0.003248601616074309
2460093.8645360256 0.9913110488934676 0.0032495792441181053
2460093.86592491 0.9973319022511744 0.0032521528999717927
2460093.867313795 0.9941901229716488 0.003251510096110745
2460093.8687026794 0.9933372213286636 0.0032517765888276256
2460093.8700915636 0.9933937607358496 0.0032513692844828687
2460093.871480448 0.9899855277859949 0.0032507679675832404
2460093.872869333 0.9885755411774003 0.003247947342288634
2460093.8742582174 0.99476794946564 0.003252588757107644
2460093.875647102 0.9963133807535485 0.003253622270528881
2460093.877035986 0.9962673370595196 0.003255596317769586
2460093.878424871 0.9959635236483098 0.003259468515515694
2460093.8798137554 0.9973548303864641 0.0032576167327907006
2460093.8812026395 1.0023334844174583 0.003263164759737195
2460093.882591524 0.9968166751892273 0.003256378224971863
2460093.883980409 1.0013287073061097 0.003258656835317575
2460093.8853692934 0.9939519077676712 0.003255094081495464
2460093.8867581775 0.9944069094279304 0.0032557249273499856
2460093.888147062 0.9988146716325552 0.003262574180639345
2460093.889535947 1.0077672025831947 0.0032662269855718304
2460093.8909248314 0.9990132780142611 0.003261483805676869
2460093.892313716 0.9932981123022563 0.003257318270709432
2460093.8937026 0.9969166343621528 0.0032691735359963916
2460093.8950914848 1.0043288569324966 0.0032623952986233435
2460093.8964803694 1.004072274230494 0.0032670489154898296
2460093.897869254 1.0057087308402475 0.003265155157721518
2460093.899258138 0.9987803731413449 0.0032637009177033005
2460093.9006470228 1.0015238151167631 0.00326452797248124
2460093.9020359074 1.0035782260183104 0.0032671501924838825
2460093.903424792 0.9988014270421424 0.0032657262135434057
2460093.904813676 0.9965818960818192 0.003263543999372756
2460093.9062025608 0.999834005298461 0.003265606389437189
2460093.9075914454 1.0031007960186262 0.003267057212882113
2460093.90898033 0.9989803539616787 0.0032651361225274553
2460093.910369214 1.0039580084009438 0.0032695791320545013
2460093.9117580988 0.9973960635452956 0.0032662787222531298
2460093.9131469834 1.0054868214763533 0.003271304013485742
2460093.914535868 1.003529870768408 0.003270471345765964
2460093.915924752 1.0063444711800524 0.0032735848201999995
2460093.9173136367 0.9974169300226439 0.003266344857350451
2460093.9187025214 1.0057695809867655 0.0032737922550070955
2460093.920091406 1.0023716563266192 0.0032694663851358208
2460093.92148029 0.9973877544390463 0.003269824881290673
2460093.9228691747 1.0032050659308835 0.0032720717663129464
2460093.9242580594 1.0034467172314308 0.003273292947224368
2460093.925646944 1.0057404054031682 0.003272393900366319
2460093.927035828 1.002673220656438 0.0032724187925431704
2460093.9284247127 1.002655477903244 0.003273244627116362
2460093.9298135974 1.004854079911736 0.0032738888952231074
2460093.931202482 0.9978368834978963 0.003270163610128613
2460093.9325913666 1.0009554222697168 0.003273553094876561
2460093.9339802507 1.0062964283025653 0.003277595389164488
2460093.9353691353 1.0020726534506064 0.0032741531915714424
2460093.93675802 1.0013805611270647 0.0032756904055124985
2460093.9381469046 1.0017068028776996 0.0032738547294901736
2460093.9395357887 0.999556368695661 0.0032734867157382906
2460093.9409246733 1.0032431753655615 0.003276940627296913
2460093.942313558 1.0028904444341011 0.0032777625572149127
2460093.943702442 1.0046646572790423 0.0032756779594240726
2460093.9450913267 1.0015331862892247 0.0032754192760175768
2460093.9464802113 0.9962282280331128 0.0032728973568451887
2460093.947869096 1.000668476968938 0.003276195814318964
2460093.9492579806 1.0047891689238175 0.0032762509675735565
2460093.9506468647 1.0051034155737015 0.0032789556734171385
2460093.9520357493 1.0049710946185415 0.0032787345723168694
2460093.953424634 0.9984415115451282 0.0032742722835548102
2460093.9548135186 1.0002005430906813 0.003276724895097534
2460093.9562024027 1.0014311029838747 0.003276162136667929
2460093.9575912873 1.000558271980788 0.003276697318470237
2460093.958980172 0.9997374822221048 0.0032767004910025806
2460093.9603690566 1.0045918120317732 0.003278471252132332
2460093.9617579407 1.0024017690274627 0.0032773781927194112
2460093.9631468253 1.0048673245021487 0.0032782999353857655
2460093.96453571 0.99772736572906 0.003275524701707771
2460093.9659245946 0.9971353575274099 0.0032748523688918302
2460093.9673134787 0.9954573553864092 0.0032761577439308384
2460093.9687023633 1.0064358088743128 0.003281476372384779
2460093.970091248 1.0000937741991005 0.0032771602641514857
2460093.9714801325 1.0062065899958983 0.003281207195217453
2460093.972869017 1.0001950453361703 0.003280671037251348
2460093.9742579013 0.9990368308943816 0.003273670234532333
2460093.975646786 1.0050633694300484 0.0032791823874592473
2460093.9770356705 1.0060845773304463 0.003281018063481572
2460093.978424555 1.0014585292819465 0.0032762312002566447
2460093.9798134393 1.0046311709561127 0.0032788819730503824
2460093.981202324 1.0017321050433463 0.0032768559450874284
2460093.9825912085 1.005608646718356 0.003276785661293965
2460093.983980093 1.000966105406323 0.003274836506230112
2460093.9853689773 0.9993857508823741 0.0032768610699473685
2460093.986757862 0.9963651096255373 0.0032727423908422404
2460093.9881467465 0.9965990140901824 0.0032737012277329228
2460093.989535631 1.000535343845498 0.003276257068597295
2460093.9909245153 1.003620771141287 0.0032780942088653166
2460093.9923134 1.0031790765459232 0.0032803737953748264
2460093.9937022845 1.0040026776563447 0.0032796929211256526
2460093.995091169 1.0010066513458409 0.003274566352898988
2460093.9964800533 0.9996312756008717 0.0032747725675013363
2460093.997868938 1.0072083683320594 0.003278733840194021
2460093.9992578225 0.9990810003539179 0.0032728763693235293
2460094.000646707 1.0007766827736295 0.0032749460806164483
2460094.0020355913 1.0021628666041713 0.0032759795940376854
2460094.003424476 1.0036677519525619 0.0032752462509843634
2460094.0048133605 0.9999861306647566 0.0032718616470554054
2460094.006202245 1.004813596446701 0.0032737126976575505
2460094.0075911293 1.004156989629548 0.003281170345034075
2460094.008980014 1.0058071281510959 0.0032739181801370505
2460094.0103688985 0.9994876467642749 0.0032701553127363293
2460094.011757783 0.9987985532159208 0.0032707244162306207
2460094.0131466677 1.0074438346587815 0.003282577729189984
2460094.014535552 1.0014649641537035 0.0032704322992140396
2460094.0159244365 0.9990783139511455 0.003266039806163545
2460094.017313321 1.0085236436243072 0.0032777642655015594
2460094.0187022057 1.0042466405127655 0.00327261426934374
2460094.02009109 0.9964499499735576 0.0032689124121804
2460094.0214799745 0.9999455222507555 0.003267300765749739
2460094.022868859 0.9953423398630622 0.0032670950392292898
2460094.0242577437 1.0005695798622247 0.0032709274583006247
2460094.025646628 1.0104186821195216 0.00327234728854496
2460094.0270355125 1.0024476252980423 0.003267812763661842
2460094.028424397 0.9970625747546237 0.0032624499637960366
2460094.0298132817 0.999909162101604 0.003264146048395233
2460094.0312021663 1.0066527202795608 0.003269679188843806
2460094.0325910505 1.0005668309849696 0.003270178740667484
2460094.033979935 1.0013033426659799 0.0032639339768100965
2460094.0353688197 0.9988991371336768 0.0032620446117788767
2460094.0367577043 1.0011753949246351 0.0032643998509827394
2460094.0381465885 1.0014171711741486 0.0032593821250195623
2460094.039535473 0.9995896051206584 0.003259361869620752
2460094.0409243577 1.0071906255788652 0.0032639007872409614
2460094.0423132423 1.0004240767911357 0.003261235860072152
2460094.043702127 1.0046276723850602 0.003262367721996047
2460094.045091011 1.004509470663076 0.0032639798565086073
2460094.0464798957 0.9993770044547428 0.003258208044011399
2460094.0478687803 1.0041276890969844 0.003261265633067993
2460094.0492576645 1.0013690033476952 0.003258327135994767
2460094.050646549 1.0028511479842452 0.0032590470567958646
2460094.0520354337 0.9999021649594992 0.003257297771269672
2460094.0534243183 1.0078068114054664 0.0032608756556306534
2460094.054813203 1.004750184846377 0.0032600747132343127
2460094.056202087 1.0008206023352335 0.00325536325866279
2460094.0575909717 1.0042499516603687 0.0032551101881981327
2460094.0589798563 1.0067338746330796 0.0032573397463129903
2460094.060368741 1.0037552162288714 0.0032547243594569343
2460094.061757625 1.0023254876836243 0.0032526575766554096
2460094.0631465097 0.9999813826040426 0.0032506766962681175
2460094.0645353943 0.9996915634770424 0.003251272400225908
2460094.065924279 1.006714320119876 0.003254963031505569
2460094.0673131635 1.002848524055956 0.003250021934400543
2460094.0687020477 1.0007957374909686 0.0032496846698083
2460094.0700909323 0.9974008116060096 0.0032474050832987903
2460094.071479817 0.9991798974606307 0.0032478494818678747
2460094.072868701 1.0002988154525636 0.0032459498671167744
2460094.0742575857 1.009657805390111 0.003252718098810892
2460094.0756464703 1.0034119189443562 0.0032472076541706246
2460094.077035355 0.9971775278034877 0.003243814508808433
2460094.0784242395 1.0037567780909484 0.0032480578928387686
2460094.0798131237 1.0036124620350375 0.0032475493114999593
2460094.0812020083 0.9933425941342083 0.0032410426917037325
2460094.082590893 0.9998686786365693 0.003244588118618427
2460094.0839797775 1.0008788910279458 0.00324456078603208
2460094.085368662 1.000812043331052 0.003242987698071444
2460094.0867575463 1.0002055410493276 0.0032427285265830487
2460094.088146431 0.9982857001843308 0.003239130874905156
2460094.0895353155 0.9961206469732519 0.00323807124910232
2460094.0909241997 0.9988307900491891 0.0032425123063017695
2460094.0923130843 0.9995063266347152 0.003241817521718473
2460094.093701969 1.00137843699464 0.003239208479927105
2460094.0950908535 1.0019394578526832 0.003241118832479984
2460094.096479738 1.0047226960738223 0.003242333912367667
2460094.0978686223 1.0016969319093731 0.0032394761928487333
2460094.099257507 0.9958734354437108 0.0032368942396027623
2460094.1006463915 1.0006408007729344 0.0032434484473841466
2460094.102035276 1.003815504105042 0.0032397680658243647
2460094.1034241607 0.9996322127181181 0.0032391342914784493
2460094.104813045 0.9911173155214416 0.0032310733748746995
2460094.1062019295 1.0010149604520904 0.0032375878039813118
2460094.107590814 0.9962407229297283 0.0032383831334358124
2460094.1089796987 1.0029055632590065 0.003236437394945252
2460094.110368583 1.0035955314501233 0.0032372617652727466
2460094.1117574675 1.0008667709782286 0.0032353287169115614
2460094.113146352 1.007575156022212 0.0032386937975645573
2460094.1145352367 1.0019821903991089 0.0032337465994357927
2460094.1159241213 1.0015319992740463 0.003238618388911154
2460094.1173130055 0.9992692359714328 0.0032346039152914728
2460094.11870189 1.0035172509228263 0.0032341763555479054
2460094.1200907747 0.9984374507037281 0.003235767502538806
2460094.1214796593 1.0009722279056648 0.003233351253097563
2460094.1228685435 0.996159880948625 0.003230100871690844
2460094.124257428 0.9956147286092836 0.0032313610991541886
2460094.1256463127 1.0005515872110984 0.0032322535569066007
2460094.1270351973 1.008176535396324 0.0032357909304699607
2460094.1284240815 1.0003195569809455 0.00323121174609308
2460094.129812966 0.9987190856734451 0.0032304801113264047
2460094.1312018507 1.0007781821612236 0.0032322901630490296
2460094.1325907353 1.0021477477792664 0.0032307653951963995
2460094.13397962 1.002596501991218 0.003230276825215451
2460094.135368504 1.0003554173342326 0.0032314001457061127
2460094.1367573887 0.9995352523203804 0.003233801020567537
2460094.1381462733 1.0086437820552667 0.003239383945369813
2460094.139535158 1.0003577913645896 0.0032316312524853126
2460094.1409240426 1.0053139545816756 0.00323257227438668
2460094.1423129267 0.9992384360512752 0.003228107057133227
2460094.1437018113 1.004018921021945 0.003229833890892064
2460094.145090696 1.0051528328898165 0.0032308124950996575
2460094.1464795806 1.0078945880541916 0.003232802893083981
2460094.147868465 1.0058004433814065 0.0032284709221889686
2460094.1492573493 0.9959191042908413 0.00322295584077066
2460094.150646234 1.005066930475584 0.003232194498996816
2460094.1520351185 0.9995365642845251 0.003226076636433182
2460094.1534240027 1.0048994988609339 0.0032281556212821827
2460094.1548128873 1.003945513504328 0.0032282007688578447
2460094.156201772 0.9998186365756236 0.0032316973875826343
2460094.1575906565 0.9993673209098659 0.003228700564722471
2460094.158979541 1.001036201776337 0.0032261701041168497
2460094.1603684253 1.0028154125799245 0.003226169371994001
2460094.16175731 1.0051753861782076 0.0032297267569152224
2460094.1631461945 1.000970790992554 0.003230756853763166
2460094.164535079 1.0027437543478335 0.003226501267685355
2460094.1659239638 0.9962110475502662 0.0032250587416327143
2460094.167312848 1.000051791346472 0.0032270855017185168
2460094.1687017325 0.9989030105516276 0.0032222586157778683
2460094.170090617 1.002262325981232 0.003225706426312753
2460094.1714795018 1.0014689625206203 0.0032255722037905143
2460094.1728683864 0.9994876467642749 0.003223951039762822
2460094.1742572705 0.998061541739046 0.0032246411875680777
2460094.175646155 1.002770430952108 0.0032252166361270568
2460094.1770350398 0.9975098920534643 0.0032288884762536048
2460094.1784239244 1.0020396669235407 0.0032240647628453004
2460094.1798128085 0.9973399614594913 0.0032235776571100487
2460094.181201693 0.9997794026002504 0.0032246746211781626
2460094.1825905778 0.9943714239215422 0.0032209573894350025
2460094.1839794624 1.0046009957807855 0.003225106329617872
2460094.185368347 1.0003203066747424 0.0032246550979022006
2460094.186757231 1.0037693979365303 0.003227907431636516
2460094.1881461157 1.0043157372910503 0.003226228429903786
2460094.1895350004 1.001388807758831 0.0032243471182239005
2460094.190923885 1.0040446605089735 0.0032275279479600048
2460094.1923127696 0.9997344834469171 0.0032239332247735062
2460094.1937016537 0.999015652044618 0.003226052476379179
2460094.1950905384 1.000842343455345 0.003227842760784892
2460094.196479423 0.9983603571916096 0.00322444497864466
2460094.1978683076 1.0065475132500568 0.0032302643791270254
2460094.199257192 0.999617968535976 0.0032259836568314126
2460094.2006460764 0.9971263612018466 0.00322287896787156
2460094.202034961 1.0041734828930808 0.003228609781489248
2460094.2034238456 1.003777019823466 0.0032290788281942344
2460094.20481273 0.997571679317229 0.0032251946724416
2460094.206201615 1.001342576641353 0.00322428561990462
2460094.207590499 1.0001963573003152 0.0032309281705097323
2460094.2089793836 0.9950189719386489 0.003222194921090042
2460094.210368268 1.0033598152254688 0.0032265793607892026
2460094.211757153 0.9973488328360883 0.0032244986676535554
2460094.2131460374 1.0037519675557511 0.0032290966431835497
2460094.2145349216 0.9970595135049528 0.003227781262465612
2460094.215923806 1.000998154816142 0.0032287398553153446
2460094.217312691 0.9996232163925547 0.003229632557108706
2460094.2187015754 1.0042331460244207 0.003230863743699058
2460094.2200904596 0.9977695360051377 0.003224622152374015
2460094.221479344 1.0012860997086503 0.003226819253042585
2460094.222868229 0.9973242178897556 0.003222965358367692
2460094.2242571134 1.0026444823942222 0.0032282554340305383
2460094.225645998 0.9979484629246742 0.0032262718691928017
2460094.227034882 1.0011884520915988 0.0032269266310603765
2460094.228423767 0.9982488402393149 0.0032273654166876217
2460094.2298126514 0.9934908460825532 0.0032224967997446043
2460094.231201536 1.0068963707635663 0.0032321339768413334
2460094.2325904206 1.0017915807512368 0.0032292911438203207
2460094.233979305 1.0069838350398759 0.00323030830649794
2460094.2353681894 1.0035481133174668 0.003231816479566002
2460094.236757074 1.001217440251747 0.00322853681324534
2460094.2381459586 1.002151433773768 0.0032297636070986006
2460094.2395348432 1.006789414448536 0.00323406629307967
2460094.2409237274 1.0001262609303012 0.0032319938973363062
2460094.242312612 1.0014282291576535 0.003227514281666832
2460094.2437014966 1.0051855070444666 0.00322973310197991
2460094.2450903812 1.0051964400790052 0.0032339081545443783
2460094.246479266 0.9959678968621253 0.0032239327366916076
2460094.24786815 0.9976610178280307 0.003229037585273765
2460094.2492570346 0.995464040156099 0.0032262555184491832
2460094.2506459192 1.0015465558286039 0.0032292489247360526
2460094.252034804 1.0026570397653207 0.003231043601878858
2460094.2534236885 0.9988151089539367 0.003228516801887479
2460094.2548125726 0.9978153922757171 0.003231672495405783
2460094.256201457 1.00324842322214 0.0032359605389298807
2460094.257590342 0.9981052114027178 0.0032289929257800017
2460094.2589792265 1.002220030756188 0.003231839175374308
2460094.2603681106 1.0039002195040962 0.0032323990053125177
2460094.261756995 1.0036610671828723 0.003233105259820442
2460094.26314588 1.0078309890304176 0.00323447725803867
2460094.2645347645 1.0019942479743429 0.003231883834868071
2460094.265923649 0.9992204434001488 0.0032290366091099663
2460094.2673125337 1.0083524010661895 0.0032359993414408554
2460094.2687014183 1.002802292938478 0.003232024646495946
2460094.2700903025 1.0031533370588948 0.0032316705430781864
2460094.271479187 1.0106812623719 0.0032357577409008256
2460094.2728680717 1.001459841246091 0.0032334874279473977
2460094.2742569563 1.0000110579835049 0.003232390219838335
2460094.2756458404 0.9979445895067232 0.0032293577669995407
2460094.277034725 1.0029186829004528 0.0032343852546006992
2460094.2784236097 0.9924200334425907 0.0032261337420153705
2460094.2798124943 1.0048059745597655 0.003233731712937872
2460094.281201379 1.0016450156139352 0.003232036604502473
2460094.282590263 1.0008162291214182 0.003230786870799957
2460094.2839791477 1.0084059416981876 0.0032352730755750695
2460094.2853680323 0.9996663237858787 0.003229730173488516
2460094.286756917 0.9996093470573112 0.0032296476876475765
2460094.2881458015 1.0002562703295872 0.003231179044605844
2460094.2895346857 0.9985603380119432 0.0032282881355177743
2460094.2909235703 1.0050618075679711 0.003232591065539793
2460094.292312455 1.002062032788483 0.003231810866624164
2460094.2937013395 1.0009418028324055 0.003231855282076977
2460094.295090224 0.9982735176601308 0.003227228753755888
2460094.2964791087 1.0079079575935703 0.003231905554512579
2460094.297867993 1.0008532764898836 0.0032277695485000346
2460094.2992568775 0.9979542730516003 0.003227596279425872
2460094.300645762 0.9979471509605295 0.0032286339415432508
2460094.3020346467 0.9963183787121949 0.0032250914431199503
2460094.3034235314 1.0015609874341949 0.0032292862630013304
2460094.3048124155 0.9952629347950696 0.0032257503536836677
2460094.3062013 1.003682995726433 0.0032300188739318035
2460094.3075901847 1.0014932650945378 0.003231520945976128
2460094.3089790693 1.007595272805763 0.0032318796861719287
2460094.310367954 1.0062375773395051 0.0032352957713833756
2460094.3117568386 0.99835123591708 0.0032284867848506875
2460094.3131457227 1.0064133180604047 0.0032279916257641015
2460094.3145346073 0.9996289015705149 0.0032264600247648846
2460094.315923492 1.002701833969688 0.0032284243103676094
2460094.3173123766 1.0025537069703092 0.003229333362904589
2460094.318701261 1.001773338202178 0.003225244944877201
2460094.3200901453 0.999568363796412 0.0032247285542280073
2460094.32147903 0.994868345959947 0.00321927472708803
2460094.3228679146 1.0001654949056744 0.003222264228719707
2460094.324256799 1.0043113016027516 0.0032225243763719007
2460094.325645684 1.003431785829975 0.003222608326458537
2460094.3270345684 0.9940544283944026 0.003217543988674001
2460094.3284234526 1.0018751091351124 0.0032260512561744312
2460094.329812337 1.005504939076446 0.0032255192469044674
2460094.331201222 0.998432515219565 0.0032194514127354855
2460094.3325901064 0.999227815389152 0.003221414722174412
2460094.333978991 1.0007126464284744 0.003222125857501326
2460094.3353678756 0.9995438113245619 0.003221802747284156
2460094.33675676 1.0022525799618716 0.003223935909223951
2460094.3381456444 1.0013077783542783 0.0032243581000666287
2460094.339534529 1.0077582687321147 0.003222271305907244
2460094.3409234136 0.9977648504189071 0.0032228499269985667
2460094.3423122982 1.0012769159596375 0.003220528365445738
2460094.3437011824 0.9987680031936956 0.003220152054301571
2460094.345090067 1.0003226807050996 0.003217730191918488
2460094.3464789516 0.9995631784143165 0.003217809017145185
2460094.3478678362 1.00403403984685 0.0032189857826037927
2460094.349256721 0.9970034738936316 0.0032168196751358115
2460094.3506456055 0.9966235665620323 0.0032139111950993766
2460094.3520344896 0.9954594170443507 0.003216939255201079
2460094.3534233742 1.001051445550208 0.0032149107868286297
2460094.354812259 1.0003298027961705 0.003215643397759103
2460094.3562011435 1.0017674656007687 0.0032169973369470654
2460094.357590028 1.000368412026713 0.003214907126214387
2460094.3589789127 1.0021345031888536 0.003214755088702833
2460094.360367797 0.9984994878654248 0.003213065349168324
2460094.3617566815 1.002322176536021 0.003213623470819887
2460094.363145566 1.0010668142730454 0.003211828305595184
2460094.3645344507 1.0009727901760124 0.003217941775421726
2460094.3659233353 0.9997708435960688 0.0032124013137446675
2460094.36731222 0.9941083438732992 0.0032088295304074244
2460094.368701104 1.0027085187393772 0.003214891263552668
2460094.3700899887 1.002777490568696 0.003210046806663653
2460094.3714788733 0.9955088968349489 0.00320929369629342
2460094.372867758 1.001651325536726 0.0032118292817589814
2460094.3742566425 1.0006817840338336 0.0032095011311005163
2460094.375645527 1.002807978116438 0.003215784941509827
2460094.3770344113 0.9991419129749192 0.003206866465009448
2460094.378423296 1.0067862907243823 0.0032119617959945734
2460094.3798121805 1.0018932892096883 0.0032101734639164567
2460094.381201065 0.99614719862856 0.003205685550854697
2460094.3825899498 0.9998614940710152 0.003206346169705061
2460094.3839788344 1.0046868981950183 0.0032083690251356717
2460094.3853677185 1.003135656780184 0.0032086823737148607
2460094.386756603 1.0019396452761324 0.0032054049037627446
2460094.3881454878 1.003286657605784 0.003208480551849604
2460094.3895343724 0.9960019454554032 0.0032033903457244182
2460094.390923257 0.999046701862708 0.003204779426809113
2460094.3923121416 1.0026233035444585 0.003205904699627371
2460094.3937010258 1.0034470296038462 0.0032058710219763364
2460094.3950899104 1.0033578160420102 0.003206581181139453
2460094.396478795 0.9990194629880856 0.0032020656914503983
2460094.3978676796 1.0030765559191916 0.0032056162432250327
2460094.399256564 0.9950483349456957 0.003200423295860097
2460094.400645449 0.9987387026611318 0.0032039448067617384
2460094.4020343334 1.0018739845944171 0.0032057016575573662
2460094.4034232176 1.00138249783604 0.003203632190305397
2460094.404812102 1.0007273279319977 0.0032043155049640663
2460094.406200987 1.003568105152052 0.003203612667029436
2460094.4075898714 1.0003320518775611 0.0032086286847059654
2460094.408978756 0.9958506947318704 0.0032022689775613525
2460094.4103676407 0.9928775965566563 0.003196698010765603
2460094.411756525 1.0006353654929063 0.0032032597838164223
2460094.4131454094 1.0031297217042912 0.0032080393258128634
2460094.414534294 1.0019290870884923 0.0032040055729581694
2460094.4159231787 1.0038677952473787 0.003205277270346143
2460094.4173120633 1.0034313485085935 0.003203770561523777
2460094.418700948 1.003453277052154 0.0032079221861570912
2460094.420089832 1.0037932007145831 0.003205087650528362
2460094.4214787167 0.9968385412583048 0.0031993870979884153
2460094.4228676013 1.0059393866317723 0.00320431379667742
2460094.424256486 0.9995286300251741 0.003202871270624779
2460094.4256453705 0.9980579806935104 0.003199406865305326
2460094.427034255 1.0023761544894008 0.0032008615934054434
2460094.4284231397 0.999735108191748 0.003206029404552578
2460094.429812024 0.997847816532435 0.003200381808898678
2460094.4312009085 0.9973178454924816 0.0032008979555069226
2460094.432589793 1.0006050653686136 0.003200034538627504
2460094.4339786777 1.0005346566261843 0.003201373835358496
2460094.4353675623 1.0001527501111265 0.0031989378186003405
2460094.436756447 1.0091502002150996 0.003203943586556991
2460094.4381453316 1.0023992700481397 0.0032018682623222326
2460094.439534216 0.9989474923835795 0.0031985480852039496
2460094.4409231003 1.0028495861221682 0.00320180285934776
2460094.442311985 1.004447433501379 0.003203073092490036
2460094.4437008696 0.99979420905274 0.003200465026862466
2460094.445089754 0.9977723473568765 0.0031951678740120833
2460094.446478639 1.0018959131379777 0.0031997702422791687
2460094.4478675234 0.997733738126334 0.0031967917224902205
2460094.449256408 1.0024999789148619 0.003205862480543103
2460094.450645292 1.0030413203107356 0.003201643256566771
2460094.452034177 1.0028385906131465 0.0031998429664821275
2460094.4534230614 1.0012349331070092 0.0031984895153760635
2460094.454811946 1.0021444991061463 0.003204287440254871
2460094.4562008306 0.9987801232434128 0.0032005309179188373
2460094.4575897153 1.0005060433129345 0.003199880060706455
2460094.4589786 1.001031453715623 0.0032003412981010566
2460094.460367484 0.9958337016724733 0.0031971992708759263
2460094.4617563686 1.0064577374178731 0.0032012608443988655
2460094.4631452532 1.0027351953436519 0.0032010002086647737
2460094.464534138 1.0025705126062574 0.003202197717604091
2460094.4659230225 1.0013891201312464 0.003206571175460523
2460094.467311907 1.0026183055858122 0.003205685550854697
2460094.4687007917 1.001647264695326 0.0032036648917926334
2460094.470089676 1.0019482667547974 0.0032023988073464995
2460094.4714785605 0.995140484808236 0.0032023814804390833
2460094.472867445 1.0020193002420574 0.003203064062974904
2460094.4742563297 0.9993964964934634 0.0032012708500777963
2460094.4756452143 1.0006126872555487 0.00320276828534408
2460094.477034099 1.0012416178766983 0.0032031094545915155
2460094.4784229835 1.0027954832198225 0.003205590374884383
2460094.479811868 1.0012861621831333 0.0032041759135409383
2460094.481200753 1.0022386481521453 0.0032066031448249105
2460094.482589637 1.0009123773508757 0.0032050403065841545
2460094.4839785215 1.0030149560788764 0.0032071419872414606
2460094.485367406 0.9980124992698295 0.0032040075252857663
2460094.486756291 1.0048208434867383 0.0032078162723849974
2460094.4881451754 1.0033598152254688 0.003208062509703068
2460094.48953406 0.9983023808713128 0.0032034457430199603
2460094.4909229446 1.00548757117015 0.0032097624989574566
2460094.492311829 0.9998646177951693 0.0032112060011738955
2460094.4937007134 1.0019699454004256 0.003206580937098504
2460094.495089598 1.0040827699436512 0.003210620302895036
2460094.4964784826 1.0002437754329716 0.0032072388714984223
2460094.497867367 0.9940112585265956 0.0032058983545626835
2460094.499256252 1.0045619492288616 0.0032138780055302406
2460094.5006451365 1.0058428010809335 0.003213670570723145
2460094.502034021 1.0011441576830964 0.0032086704157083335
2460094.5034229057 0.9980394257720362 0.0032082779978614986
2460094.50481179 1.00747038631409 0.0032155479777478384
2460094.5062006745 0.997230443690655 0.003210312567257685
2460094.507589559 0.998972607125777 0.003209461352425744
2460094.5089784437 1.0038564873659415 0.003213694730777148
2460094.5103673283 1.001511632592563 0.0032115181295483378
2460094.511756213 1.000331926928595 0.00321431508287084
2460094.5131450975 0.9989730444471585 0.003214562540393658
2460094.514533982 1.000753692163857 0.003213703272210381
2460094.5159228663 0.998714275138248 0.0032128654796306634
2460094.517311751 1.0031920712384035 0.0032152297483496583
2460094.5187006355 0.9996181559594253 0.0032167630576355214
2460094.52008952 0.9958193325413651 0.0032109199851810526
2460094.5214784048 1.0036180222640316 0.003220005629731856
2460094.5228672894 0.9950212834945226 0.003216566116589256
2460094.524256174 1.005106101976474 0.0032196095512707777
2460094.5256450586 0.9982004225149289 0.00321658978856136
2460094.527033943 1.0023322974022797 0.003221158235136461
2460094.528422828 0.9993348341786654 0.003223884416583601
2460094.529811712 1.0069552842011091 0.003227035473323864
2460094.5312005966 1.0004968595639219 0.0032233426456756567
2460094.532589481 0.998681476034632 0.0032211555506860166
2460094.533978366 0.9960730414171459 0.003220010510550847
2460094.5353672504 1.0039552595236882 0.003226650376705514
2460094.536756135 0.9977444837374236 0.003222768173280476
2460094.5381450197 0.9990750652780255 0.003224648264755614
2460094.5395339043 0.9985316622242104 0.0032249645418261975
2460094.540922789 1.0020779013071848 0.0032264514833316516
2460094.542311673 0.9982152914419018 0.0032253389006427686
2460094.5437005577 1.0035982803273789 0.003228112181993167
2460094.5450894423 1.0013215852150388 0.0032280850934477694
2460094.546478327 1.0013927436512648 0.003231376473734009
2460094.5478672115 0.9986479897117022 0.003229333606945538
2460094.549256096 1.0067006382080819 0.003234010651743179
2460094.5506449807 1.0054849472418608 0.003238478797488026
2460094.5520338654 1.003078367679201 0.003231286178582685
2460094.55342275 0.9980491717913965 0.003231659805276408
2460094.5548116346 1.0005547734097355 0.0032360188647168166
2460094.5562005187 1.0058283694753425 0.003239124529840468
2460094.5575894034 1.0050836111625658 0.0032379809539509956
2460094.558978288 1.0016609466071202 0.0032333556458346542
2460094.5603671726 0.9982253498336772 0.003233220203107668
2460094.561756057 1.0019430188982188 0.003234999993752552
2460094.563144942 1.0028212227068507 0.003241429984690628
2460094.5645338264 0.9990031571480024 0.0032408564884592447
2460094.565922711 1.0012048204061654 0.0032425403710109654
2460094.5673115957 1.0065606953659865 0.0032435907232577195
2460094.5687004803 1.0019383333119876 0.003239733656050482
2460094.570089365 0.9997972703024108 0.003241678418377244
2460094.5714782495 1.0081013161186976 0.0032482653276458646
2460094.5728671337 0.9944789425069198 0.0032412628166402038
2460094.5742560183 1.0060221028473684 0.003251538648901839
2460094.575644903 0.9979835735841641 0.0032440807574843646
2460094.5770337875 0.9929066471912878 0.0032413413978259506
2460094.578422672 0.9960185011934188 0.003241130302404612
2460094.5798115567 0.9948419192536048 0.003243535325962177
2460094.5812004413 0.9986736042497641 0.003245711927190988
2460094.582589326 1.000880078043124 0.003246950679050775
2460094.5839782106 1.0032289936579029 0.0032510393411191115
2460094.585367095 0.9987091522306358 0.0032496024280083105
2460094.58675598 1.0001574981718404 0.003256425080834172
2460094.5881448644 0.9971584106116655 0.003249975810661083
2460094.5895337486 1.004478358370503 0.0032556885652485065
2460094.590922633 1.0007268281361332 0.0032537877302926585
2460094.592311518 1.0036945535058024 0.0032572440822607766
2460094.5937004024 1.0022684484805735 0.003256876312549843
2460094.595089287 1.0034682709280929 0.003258777147505691
2460094.5964781716 0.9967555126702936 0.003253895352351399
2460094.5978670563 0.995157227969701 0.0032546633492195527
2460094.599255941 1.0030829283164655 0.0032620014165308108
2460094.6006448255 1.000272013899323 0.003259493651733495
2460094.60203371 1.0047986025707625 0.003264013290118692
2460094.6034225947 0.9959259764839798 0.0032617166207427155
2460094.6048114793 1.0045018487761403 0.0032627840558559365
2460094.606200364 1.0038842260364282 0.0032661632908840047
2460094.6075892486 1.0055582298105117 0.0032679286831128656
2460094.608978133 0.9990593841827728 0.0032660502999243748
2460094.6103670173 0.9956727049295805 0.0032636062298148846
2460094.611755902 1.0011222291395359 0.0032674471903194535
2460094.6131447866 1.0041733579441148 0.0032685180420059684
2460094.614533671 0.9992576781920633 0.003264477944086587
2460094.615922556 1.003924771975946 0.0032734113070848874
2460094.6173114404 1.000968416962197 0.00327021656701466
2460094.618700325 1.0039745641389595 0.0032714196888958165
2460094.6200892096 0.9983992163200842 0.003270977974777177
2460094.6214780943 1.0014610907357526 0.003272048338381792
2460094.622866979 1.005726723491374 0.003273444984735922
2460094.6242558635 1.0043883326403873 0.0032757724032715387
2460094.625644748 0.9979349059618462 0.003273858634145366
2460094.6270336327 1.0003471082279831 0.0032765911606571943
2460094.6284225173 0.9993035344626429 0.003275460762978996
2460094.6298114015 0.9973983126266864 0.003274371852262217
2460094.631200286 1.0009713532629017 0.0032767734592464887
2460094.632589171 1.0057033580347028 0.003280275446872168
2460094.6339780553 1.0045316491045688 0.0032818129048541736
2460094.63536694 1.0008523393726374 0.0032770419042909655
2460094.6367558246 1.0098226130764716 0.003283901407300206
2460094.638144709 1.0005234736937132 0.003280021400243713
2460094.639533594 1.0049185535782728 0.0032850347334697984
2460094.6409224784 1.00596287703741 0.0032920777552730806
2460094.642311363 1.00014044263796 0.003280780367596735
2460094.6437002476 1.004467175438032 0.003285188235227049
2460094.6450891322 1.0023636595927852 0.0032860128495954934
2460094.646478017 1.0000760939203894 0.003281123977253665
2460094.6478669015 1.0041062603492883 0.0032891192468419927
2460094.649255786 1.0038239381602576 0.0032863835477978214
2460094.6506446707 1.001263546420259 0.003287417549300957
2460094.6520335553 0.9965071141255744 0.0032855459992590526
2460094.65342244 0.9975583722523331 0.003286213207215053
2460094.6548113246 1.000327803612712 0.003288419825480655
2460094.656200209 0.9966845416575169 0.0032906274199100555
2460094.657589094 1.0007884904509314 0.0032864445580352026
2460094.6589779784 1.0034937605171887 0.003293236949783323
2460094.6603668625 0.9947618269662984 0.0032873343313371693
2460094.661755747 1.0042378316106515 0.0032919159561235456
2460094.663144632 0.999399932590033 0.0032883202567732493
2460094.6645335164 1.0034742060039852 0.0032926175738534286
2460094.665922401 0.9906880533482105 0.0032856128664792224
2460094.6673112856 1.0018264415127947 0.0032928921199216446
2460094.6687001702 1.0047337540573271 0.0032945574553612006
2460094.670089055 1.0069278579030376 0.0032953400946863264
2460094.6714779395 0.9995641155315624 0.003291346852629254
2460094.672866824 0.9938116525531603 0.0032905134527866278
2460094.6742557087 1.0009338060985715 0.0032929758259673315
2460094.6756445933 1.0053444421294175 0.0032978368776409137
2460094.677033478 1.0040699002001368 0.0032951697541035584
2460094.6784223625 1.00004242017401 0.003293882926176715
2460094.679811247 0.9974458557083091 0.0032935632325328374
2460094.681200132 0.9998508109344088 0.0032962550042060948
2460094.6825890164 1.0099128262300368 0.00330441060869826
2460094.683977901 0.9968143636333536 0.0032931234707417934
2460094.6853667856 1.00541978635601 0.003299552729557021
2460094.6867556702 0.9996383352174597 0.003295043584932654
2460094.688144555 1.0005074802260452 0.003297216281506272
2460094.6895334395 0.9987953670172839 0.0032951419334353127
2460094.690922324 0.9996836916921744 0.0032938738966615823
2460094.6923112087 0.9993668211140013 0.00329664742205293
2460094.6937000933 1.001217315302781 0.0032975847833400544
2460094.695088978 1.0095754640214138 0.0033010860388428846
2460094.6964778625 1.0050105784918473 0.003297209448359685
2460094.697866747 1.002567763729002 0.003297866162554856
2460094.699255632 1.008336095226106 0.0033032448250823803
2460094.7006445164 0.9998876084049421 0.0032959160313272046
2460094.702033401 0.998379974179296 0.003294262653894175
2460094.7034222856 1.0020961438562437 0.0032980089265103284
2460094.70481117 1.0002487733916179 0.0033030308011696478
2460094.706200055 1.003743033704671 0.0033051349222364486
2460094.7075889395 1.0026975232303557 0.00329834179836548
2460094.708977824 0.9967114681597236 0.0032975633077364963
2460094.7103667087 1.0010435737653403 0.0033000930362192694
2460094.711755593 0.9989107573875295 0.003296443159778178
2460094.713144478 1.0042795020908648 0.003302806527537034
2460094.7145333625 0.9960243737948281 0.003298682235490067
2460094.715922247 0.997714620934512 0.0032973922350308794
2460094.717311132 1.000853526387816 0.0032989819177760837
2460094.718700016 0.9977567912105901 0.003302006561304492
2460094.7200889005 1.002772117763151 0.003300460805930203
2460094.7214777856 0.9985249149800378 0.003297540367887241
2460094.72286667 0.9992168823546131 0.003298686872268108
2460094.724255555 0.9964854979544291 0.003294904969673324
2460094.7256444395 0.9955805550670398 0.003296079782804336
2460094.7270333236 1.0065597582487402 0.0033036133269161625
2460094.7284222087 1.001030016802512 0.003299135663574284
2460094.7298110933 1.000723017192665 0.0033000164073611186
2460094.731199978 0.9968514110018188 0.0032949742773029887
2460094.7325888625 1.0032654787560207 0.003303444206538142
2460094.733977747 0.9985510293139644 0.0033012075712357484
2460094.7353666313 1.0044893538795248 0.00330187917192884
2460094.7367555164 0.9976522714004 0.00330086786623401
2460094.738144401 1.0026746575695489 0.00330008229841749
2460094.7395332856 0.997736112156691 0.0032962127851218262
2460094.74092217 1.0027899854653115 0.003301734699686721
2460094.742311055 1.0007053993884372 0.0033005042452192183
2460094.7436999395 1.0024579960622333 0.003301102877668402
2460094.745088824 1.0064557382344148 0.0033020443876516687
2460094.7464777087 1.0019526399686127 0.00330221326398874
2460094.7478665933 0.9978936103285314 0.0033005318218465142
2460094.749255478 0.9982845756436357 0.0033010152669675228
2460094.7506443625 1.0021015166617884 0.0033070360012332463
2460094.752033247 0.9955090217839152 0.0032951106961937727
2460094.7534221318 1.0003086239464067 0.0032994978203433785
2460094.7548110164 0.9961088392959501 0.003300089619645976
2460094.756199901 1.0022330254486682 0.0033010792056962983
2460094.7575887856 0.9982425927910067 0.0032963387102517817
