time flux flux_err
2460093.47296 1.003169 0.001169
2460093.47367 1.002555 0.001131
2460093.47439 1.002072 0.001076
2460093.4751 1.002026 0.001047
2460093.47582 0.999383 0.001055
2460093.47653 0.999165 0.001048
2460093.47724 1.000657 0.001049
2460093.47796 0.999061 0.001065
2460093.47867 0.995392 0.001074
2460093.47939 1.000736 0.001078
2460093.4801 0.99561 0.001075
2460093.48082 1.001055 0.001082
2460093.48153 0.993564 0.001063
2460093.48225 0.997314 0.001039
2460093.48296 0.998887 0.001041
2460093.48367 0.995421 0.001057
2460093.48439 0.99322 0.001064
2460093.4851 0.998977 0.001059
2460093.48582 1.000624 0.001059
2460093.48653 0.993305 0.001054
2460093.48725 0.998864 0.001091
2460093.48796 0.997531 0.001089
2460093.48868 0.998752 0.001085
2460093.48939 0.993502 0.001085
2460093.49011 0.986195 0.001099
2460093.49082 1.004831 0.00113
2460093.49154 0.999416 0.00117
2460093.49225 0.995347 0.00118
2460093.49297 1.000779 0.001149
2460093.49368 1.005153 0.001117
2460093.49439 0.999091 0.001087
2460093.49511 0.998015 0.001176
2460093.49582 0.99323 0.00123
2460093.49654 1.000572 0.001207
2460093.49725 0.990383 0.001156
2460093.50226 0.994703 0.001129
2460093.50297 0.994867 0.00111
2460093.50368 1.00273 0.001104
2460093.5044 1.006381 0.001161
2460093.50511 0.997288 0.00117
2460093.50583 0.994716 0.001158
2460093.50654 0.990742 0.001172
2460093.50726 0.995817 0.001159
2460093.50797 1.002154 0.001181
2460093.50869 0.996588 0.001206
2460093.5094 0.997563 0.001213
2460093.51011 0.996141 0.001224
2460093.51083 0.99397 0.001215
2460093.51155 1.003159 0.001182
2460093.51226 1.005381 0.001171
2460093.51297 1.008437 0.001167
2460093.51369 0.996152 0.001167
2460093.5144 1.001349 0.001173
2460093.51512 1.004816 0.001153
2460093.51583 0.998148 0.001167
2460093.51655 0.99571 0.001199
2460093.51726 0.995079 0.001197
2460093.51798 0.998185 0.001238
2460093.51869 1.007913 0.001256
2460093.51941 1.006441 0.001247
2460093.52012 1.002892 0.001201
2460093.52084 0.995269 0.001152
2460093.52155 0.998538 0.00115
2460093.52226 1.007312 0.001156
2460093.52298 0.993306 0.001119
2460093.52369 1.005439 0.001155
2460093.52441 0.998271 0.001136
2460093.52512 0.993729 0.001161
2460093.52584 0.997228 0.001153
2460093.52655 0.996516 0.00117
2460093.52727 0.997183 0.001164
2460093.52798 1.000231 0.001191
2460093.5287 1.003002 0.001225
2460093.52941 0.997814 0.001262
2460093.53013 0.992327 0.001248
2460093.53084 1.000946 0.001295
2460093.53155 0.999303 0.001365
2460093.53227 0.994681 0.001339
2460093.53298 0.992277 0.0013
2460093.5337 0.990869 0.00129
2460093.53441 0.993344 0.001246
2460093.53513 1.001532 0.001245
2460093.53584 0.979914 0.001242
2460093.53656 0.998829 0.001239
2460093.53727 0.993364 0.001223
2460093.53798 0.985165 0.001246
2460093.5387 0.988615 0.001254
2460093.53941 0.991966 0.001246
2460093.54013 0.988509 0.001198
2460093.54084 0.98978 0.001203
2460093.54156 0.989751 0.001208
2460093.54227 0.981966 0.001194
2460093.54299 0.990353 0.00114
2460093.5437 0.994185 0.00112
2460093.54441 0.998684 0.001122
2460093.54513 0.995074 0.001105
2460093.54584 0.988226 0.001105
2460093.54656 0.985397 0.001107
2460093.54727 0.98885 0.001133
2460093.54799 0.980472 0.001142
2460093.5487 0.990912 0.00115
2460093.54942 0.993322 0.00117
2460093.55013 1.001352 0.001151
2460093.55085 1.000749 0.001128
2460093.55156 0.996547 0.001127
2460093.55228 0.994066 0.001097
2460093.55299 0.991503 0.0011
2460093.5537 0.994676 0.001079
2460093.55442 0.990881 0.001064
2460093.55513 0.986379 0.001068
2460093.55585 0.992514 0.001091
2460093.55656 0.989207 0.001088
2460093.55728 0.98356 0.001111
2460093.55799 0.986158 0.001077
2460093.55871 0.98644 0.001073
2460093.74296 0.984676 0.000977
2460093.74367 0.986225 0.000994
2460093.74439 0.993522 0.001014
2460093.7451 0.975845 0.001012
2460093.74582 0.978002 0.001024
2460093.74653 0.987118 0.001039
2460093.74725 0.989674 0.001055
2460093.74796 0.985466 0.00106
2460093.74868 1.002259 0.00105
2460093.74939 0.995928 0.001031
2460093.75011 0.987017 0.001039
2460093.75082 0.985174 0.001049
2460093.75153 0.983494 0.001036
2460093.75225 0.98679 0.001029
2460093.75296 0.996706 0.001061
2460093.75368 0.995188 0.001084
2460093.75439 0.994934 0.00108
2460093.75511 0.987316 0.001055
2460093.75582 0.985391 0.001061
2460093.75654 0.998311 0.001061
2460093.75725 0.98286 0.00106
2460093.75797 0.992442 0.0011
2460093.75868 0.993807 0.001112
2460093.7594 0.989847 0.001077
2460093.76011 0.997809 0.001075
2460093.76082 0.985947 0.001076
2460093.76154 0.978837 0.001101
2460093.76225 0.992227 0.001134
2460093.76297 0.992956 0.001103
2460093.76368 0.998897 0.001076
2460093.7644 0.990848 0.001073
2460093.76511 0.994391 0.001099
2460093.76583 0.989283 0.001129
2460093.76654 0.991555 0.001171
2460093.76726 0.997362 0.001214
2460093.76797 0.990869 0.001224
2460093.76869 1.000724 0.001211
2460093.77012 0.984965 0.001183
2460093.77083 0.992835 0.001133
2460093.77155 0.992203 0.001121
2460093.77226 0.996931 0.001152
2460093.77298 0.995687 0.001125
2460093.77369 0.992392 0.001106
2460093.7744 0.984216 0.001088
2460093.77512 0.987107 0.001089
2460093.77583 0.99387 0.001084
2460093.77655 0.992659 0.001073
2460093.77726 0.989018 0.001074
2460093.77798 0.991652 0.001108
2460093.77869 0.992017 0.001127
2460093.77941 0.994256 0.001113
2460093.78012 0.988346 0.00111
2460093.78084 0.989094 0.001082
2460093.78155 0.995502 0.001052
2460093.78227 0.989293 0.001025
2460093.78298 0.99485 0.001013
2460093.7837 0.989069 0.000996
2460093.78441 0.988761 0.000991
2460093.78512 0.990798 0.001012
2460093.78584 0.985355 0.00102
2460093.78655 0.989276 0.001007
2460093.78727 0.988211 0.000986
2460093.78798 0.98524 0.000976
2460093.7887 0.991164 0.000992
2460093.78941 0.987686 0.000982
2460093.79013 0.99243 0.000977
2460093.79084 0.990181 0.000968
2460093.79156 0.988458 0.000969
2460093.79227 0.993079 0.000976
2460093.79299 0.989608 0.000981
2460093.7937 0.99076 0.000984
2460093.79441 0.993888 0.00097
2460093.79513 0.986241 0.000957
2460093.79584 0.990226 0.000966
2460093.79656 0.992804 0.000965
2460093.79727 0.990356 0.00096
2460093.79799 0.990506 0.000956
2460093.7987 0.987366 0.000955
2460093.79942 0.990887 0.000968
2460093.80013 0.993466 0.000976
2460093.80085 0.993118 0.000966
2460093.80156 0.990119 0.000955
2460093.80228 0.988162 0.000956
2460093.80299 0.992247 0.000952
2460093.8037 0.988296 0.000939
2460093.80442 0.992717 0.00094
2460093.80513 0.98274 0.000936
2460093.80585 0.991584 0.000944
2460093.80656 0.989884 0.000946
2460093.80728 0.990148 0.000954
2460093.80799 0.990292 0.000962
2460093.80871 0.988091 0.000957
2460093.80942 0.990922 0.000952
2460093.81014 0.985433 0.000946
2460093.81085 0.986766 0.000944
2460093.81157 0.99036 0.00095
2460093.81228 0.99636 0.000953
2460093.81299 0.993249 0.000949
2460093.81371 0.990366 0.000942
2460093.81442 0.990719 0.000933
2460093.81514 0.987956 0.000926
2460093.81585 0.994131 0.000924
2460093.81657 0.994042 0.000932
2460093.81728 0.98873 0.000923
2460093.818 0.992818 0.00092
2460093.81871 0.993309 0.000923
2460093.81943 0.990927 0.000922
2460093.82014 0.99183 0.000924
2460093.82086 0.987355 0.000926
2460093.82157 0.994646 0.000939
2460093.82228 0.991361 0.000937
2460093.823 0.990874 0.000941
2460093.82371 0.991176 0.000941
2460093.82443 0.994457 0.000941
2460093.82515 0.989198 0.000934
2460093.82586 0.996895 0.000938
2460093.82657 0.991192 0.00094
2460093.82729 0.994887 0.000951
2460093.828 0.993143 0.000949
2460093.82872 0.997688 0.000957
2460093.82943 0.993347 0.000952
2460093.83015 0.994293 0.000949
2460093.83086 0.99025 0.000945
2460093.83158 0.996002 0.000938
2460093.83229 0.993823 0.000934
2460093.833 0.992265 0.000939
2460093.83372 0.992987 0.00094
2460093.83443 0.989749 0.000938
2460093.83515 0.989932 0.000896
2460093.83586 0.990367 0.000889
2460093.83658 0.988734 0.000888
2460093.83729 0.990042 0.000894
2460093.83801 0.991495 0.000897
2460093.83872 0.989756 0.000892
2460093.83944 0.992432 0.000903
2460093.84015 0.988143 0.000902
2460093.84087 0.991362 0.000901
2460093.84158 0.991176 0.000902
2460093.8423 0.99219 0.000899
2460093.84301 0.990459 0.0009
2460093.84373 0.99557 0.000907
2460093.84444 0.992418 0.000902
2460093.84515 0.989842 0.00089
2460093.84587 0.992025 0.000899
2460093.84658 0.99248 0.000896
2460093.8473 0.989769 0.0009
2460093.84801 0.993626 0.00091
2460093.84873 0.991069 0.000908
2460093.84944 0.989053 0.000913
2460093.85016 0.994046 0.00092
2460093.85087 0.991195 0.00092
2460093.85158 0.993439 0.000925
2460093.8523 0.994996 0.000927
2460093.85301 0.990451 0.000927
2460093.85373 0.99564 0.000933
2460093.85444 0.989489 0.000934
2460093.85516 0.996976 0.000945
2460093.85587 0.99543 0.000944
2460093.85659 0.989796 0.000948
2460093.8573 0.996322 0.000962
2460093.85802 0.994159 0.000983
2460093.85873 0.995134 0.001006
2460093.85945 0.99657 0.00102
2460093.86016 0.99216 0.00103
2460093.86087 0.995545 0.001029
2460093.86159 0.992226 0.001033
2460093.8623 0.994133 0.00104
2460093.86302 0.99721 0.001051
2460093.86373 0.995186 0.001057
2460093.86445 0.994791 0.001049
2460093.86516 1.002932 0.00105
2460093.86588 0.989704 0.001037
2460093.86659 0.995401 0.001033
2460093.86731 0.991398 0.00104
2460093.86802 0.995118 0.001047
2460093.86874 0.991882 0.001047
2460093.86945 0.992584 0.001055
2460093.87016 0.99925 0.001055
2460093.87088 0.999061 0.001056
2460093.87159 1.001117 0.001062
2460093.87231 0.9938 0.001041
2460093.87302 0.998919 0.001039
2460093.87374 0.99778 0.00104
2460093.87445 0.997504 0.00104
2460093.87517 0.996731 0.001044
2460093.87588 0.999906 0.001049
2460093.8766 0.998712 0.001044
2460093.87731 0.9935 0.001026
2460093.87802 0.994787 0.001038
2460093.87874 0.991479 0.001037
2460093.87945 0.995774 0.001021
2460093.88017 0.997639 0.001024
2460093.88088 0.993897 0.001018
2460093.8816 0.996763 0.001009
2460093.88231 0.989815 0.000993
2460093.88303 0.998023 0.000988
2460093.88374 0.998696 0.000998
2460093.88446 0.990389 0.001
2460093.88517 0.995403 0.001001
2460093.88589 0.997485 0.001006
2460093.8866 1.001985 0.001014
2460093.88732 0.996711 0.001012
2460093.88803 0.997768 0.001031
2460093.88875 0.992589 0.001045
2460093.88946 0.996825 0.001066
2460093.89017 0.99651 0.001081
2460093.89089 1.002585 0.001086
2460093.8916 0.994901 0.001072
2460093.89232 0.99913 0.00107
2460093.89303 1.000351 0.001086
2460093.89375 1.000414 0.001099
2460093.89446 1.002219 0.001082
2460093.89518 1.001201 0.001065
2460093.89589 1.000771 0.00108
2460093.89661 0.997504 0.001112
2460093.89732 1.002343 0.00114
2460093.89804 1.000274 0.001136
2460093.89875 0.994796 0.001099
2460093.89946 0.993614 0.001102
2460093.90018 1.005472 0.001135
2460093.90089 1.00442 0.001147
2460093.90161 1.00052 0.001164
2460093.90232 1.003213 0.00118
2460093.90304 0.997156 0.001199
2460093.90375 1.00267 0.001188
2460093.90447 0.998149 0.001172
2460093.90518 1.001058 0.001163
2460093.9059 0.998544 0.00117
2460093.90661 0.999426 0.001192
2460093.90733 1.002467 0.001226
2460093.90804 1.000087 0.001242
2460093.90875 1.001601 0.001255
2460093.90947 1.002406 0.001273
2460093.91018 0.998011 0.001289
2460093.9109 0.997897 0.001308
2460093.91161 0.99712 0.001305
2460093.91233 1.007933 0.001328
2460093.91304 1.001456 0.001338
2460093.91376 0.999959 0.001346
2460093.91447 0.996882 0.001327
2460093.91518 1.003877 0.0013
2460093.9159 1.003012 0.001295
2460093.91661 0.997764 0.001298
2460093.91733 0.995948 0.001276
2460093.91804 0.999715 0.001266
2460093.91876 0.996426 0.001236
2460093.91947 1.00073 0.001219
2460093.92019 1.004457 0.001189
2460093.9209 1.001659 0.00121
2460093.92162 0.998999 0.001197
2460093.92233 0.998296 0.001171
2460093.92305 0.998689 0.001188
2460093.92376 0.999052 0.001217
2460093.92447 1.0 0.001212
2460093.92519 1.001001 0.001219
2460093.9259 1.004514 0.001272
2460093.92662 0.999817 0.001255
2460093.92733 0.995085 0.001254
2460093.92805 1.001927 0.00125
2460093.92876 1.006116 0.001255
2460093.92948 0.997209 0.001255
2460093.93019 1.009612 0.001283
2460093.93091 1.009515 0.001284
2460093.93162 1.001764 0.001306
2460093.93234 1.003004 0.00132
2460093.93305 0.993614 0.001314
2460093.93377 0.999494 0.001253
2460093.93448 0.998678 0.001239
2460093.93519 1.002307 0.001236
2460093.93591 0.99671 0.001229
2460093.93662 1.007301 0.00122
2460093.93734 1.000972 0.001176
2460093.93805 0.998887 0.001145
2460093.93877 0.997349 0.001094
2460093.93948 0.999207 0.001051
2460093.9402 1.002524 0.001029
2460093.94091 0.996015 0.001002
2460093.94163 1.000252 0.000966
2460093.94234 1.001793 0.000938
2460093.94306 0.999213 0.000918
2460093.94377 0.999568 0.000915
2460093.94448 1.000981 0.00092
2460093.9452 1.00045 0.000924
2460093.94591 0.999062 0.000925
2460093.94663 0.997565 0.000912
2460093.94734 0.999087 0.000906
2460093.94806 0.998352 0.000893
2460093.94877 0.997229 0.000892
2460093.94949 0.998559 0.000872
2460093.9502 1.001729 0.00087
2460093.95092 0.998204 0.000869
2460093.95163 0.997355 0.000869
2460093.95235 1.000822 0.000867
2460093.95306 0.998432 0.000868
2460093.95377 0.997738 0.000868
2460093.95449 0.997098 0.000871
2460093.9552 1.000531 0.000875
2460093.95592 1.001733 0.000884
2460093.95663 0.999692 0.000908
2460093.95735 0.999541 0.000943
2460093.95806 1.000275 0.00096
2460093.95878 1.001173 0.00095
2460093.95949 0.998767 0.000948
2460093.96021 1.001602 0.000967
2460093.96092 1.000318 0.000988
2460093.96164 1.000512 0.001003
2460093.96235 0.999519 0.001001
2460093.96306 1.008283 0.000974
2460093.96378 0.996565 0.000935
2460093.96449 0.998455 0.000923
2460093.96521 1.000033 0.000933
2460093.96592 1.003235 0.000933
2460093.96664 1.000417 0.000931
2460093.96735 1.001411 0.000926
2460093.96807 0.996378 0.000924
2460093.96878 1.000123 0.000948
2460093.9695 0.999624 0.000954
2460093.97021 1.002112 0.000959
2460093.97093 0.998629 0.000939
2460093.97164 0.997238 0.000927
2460093.97236 0.994371 0.000915
2460093.97307 1.002571 0.000904
2460093.97378 1.000368 0.000891
2460093.9745 0.997906 0.000896
2460093.97521 0.996277 0.000898
2460093.97593 1.001347 0.000902
2460093.97664 1.000405 0.000903
2460093.97736 0.999722 0.00096
2460093.97807 0.998998 0.000976
2460093.97879 0.997307 0.000932
2460093.9795 1.001706 0.000921
2460093.98021 0.996601 0.000916
2460093.98093 1.000581 0.000923
2460093.98164 0.999002 0.00093
2460093.98236 0.999429 0.000935
2460093.98307 1.002099 0.000925
2460093.98379 0.998326 0.000914
2460093.9845 0.997571 0.000927
2460093.98522 1.000425 0.000921
2460093.98593 1.000139 0.000917
2460093.98665 1.000373 0.000931
2460093.98736 1.004384 0.000927
2460093.98808 0.997829 0.000929
2460093.98879 0.997751 0.000912
2460093.9895 0.99934 0.000887
2460093.99022 0.998873 0.000879
2460093.99093 0.999473 0.000878
2460093.99165 1.002561 0.00087
2460093.99236 0.997593 0.000863
2460093.99308 0.997651 0.000864
2460093.99379 1.003711 0.00088
2460093.99451 0.999408 0.000907
2460093.99522 1.000704 0.000937
2460093.99594 0.996574 0.000941
2460093.99665 0.998654 0.000955
2460093.99737 1.000196 0.000958
2460093.99808 1.000527 0.000967
2460093.99879 0.998782 0.000968
2460093.99951 0.995469 0.000974
