time flux flux_err
2459446.00344 1.00471 0.001876
2459446.00604 0.99934 0.001872
2459446.00864 1.00209 0.001893
2459446.01124 0.996165 0.001854
2459446.01384 0.998017 0.001888
2459446.01644 1.001342 0.001963
2459446.01904 0.991425 0.001968
2459446.02381 0.996974 0.00202
2459446.02641 1.002261 0.002319
2459446.02901 0.99779 0.002143
2459446.03162 1.006409 0.001896
2459446.03422 1.004657 0.001963
2459446.03883 1.002029 0.001901
2459446.04144 1.004349 0.001931
2459446.04404 0.997131 0.001951
2459446.04664 1.0107 0.00227
2459446.04924 0.993576 0.002415
2459446.05185 1.007869 0.003253
2459446.05445 0.998869 0.00385
2459446.05708 1.00197 0.004363
2459446.05968 0.9985 0.003915
2459446.06495 0.994574 0.003102
2459446.07038 0.997441 0.00282
2459446.07584 0.996849 0.002645
2459446.07862 1.005948 0.001998
2459446.08383 1.005915 0.002211
2459446.08646 0.995612 0.002504
2459446.08907 0.99999 0.002112
2459446.09167 0.98245 0.002724
2459446.09688 0.995239 0.002223
2459446.0995 1.007347 0.001908
2459446.10211 0.988579 0.001898
2459446.10471 0.997301 0.001977
2459446.10991 1.009487 0.002259
2459446.11253 0.999317 0.002095
2459446.11513 0.998056 0.001881
2459446.11774 0.99271 0.002156
2459446.12035 0.998768 0.002046
2459446.12295 0.997938 0.00196
2459446.12555 0.997573 0.001939
2459446.12815 0.997291 0.001928
2459446.13075 0.996717 0.00195
2459446.13336 0.994096 0.001937
2459446.13596 1.004054 0.001993
2459446.13856 0.99433 0.002009
2459446.14116 0.996325 0.00201
2459446.14376 0.998641 0.001893
2459446.14636 0.998936 0.001864
2459446.14896 1.004293 0.001874
2459446.15156 0.998616 0.001883
2459446.15417 1.000916 0.001853
2459446.15677 1.003569 0.001841
2459446.15937 0.990914 0.002077
2459446.16197 1.00324 0.002155
2459446.16457 1.00185 0.001895
2459446.16718 1.002849 0.001741
2459446.16978 0.992202 0.001703
2459446.17238 0.995878 0.001658
2459446.17498 0.996035 0.001664
2459446.17758 0.997645 0.001699
2459446.18279 0.996578 0.001709
2459446.18539 0.993366 0.001802
2459446.18799 0.992929 0.001689
2459446.19059 0.994324 0.001759
2459446.19319 0.991005 0.001695
2459446.19579 0.991248 0.00172
2459446.19839 0.995791 0.001726
2459446.20099 0.99478 0.001667
2459446.20359 0.993049 0.00166
2459446.2062 0.992122 0.001658
2459446.20893 0.98856 0.00164
2459446.2116 0.994751 0.001651
2459446.21422 0.99139 0.001651
2459446.21687 0.991946 0.001613
2459446.21947 0.993138 0.001625
2459446.22207 0.99063 0.001661
2459446.22468 0.990315 0.001722
2459446.22728 0.985576 0.001615
2459446.2299 0.995525 0.00165
2459446.23251 0.989189 0.001622
2459446.23511 0.991174 0.001681
2459446.23772 0.986232 0.001751
2459446.24033 0.987329 0.001721
2459446.24293 0.990199 0.001663
2459446.24554 0.988332 0.001698
2459446.24814 0.98571 0.001753
2459446.25074 0.987318 0.001671
2459446.25334 0.989372 0.001736
2459446.25594 0.99413 0.001716
2459446.25854 0.989468 0.001712
2459446.26115 0.990622 0.001712
2459446.26375 0.991842 0.001702
2459446.26635 0.984017 0.001658
2459446.26895 0.989625 0.001676
2459446.27155 0.992405 0.001687
2459446.27415 0.990385 0.001673
2459446.27675 0.993676 0.001651
2459446.27935 0.98938 0.001608
2459446.28196 0.991488 0.001579
2459446.28456 0.992721 0.001554
2459446.28716 0.989381 0.001537
2459446.28976 0.991715 0.001533
2459446.29236 0.994802 0.001529
2459446.29496 0.991711 0.001526
2459446.29756 0.992196 0.001559
2459446.30016 0.989496 0.001533
2459446.30276 0.993309 0.001546
2459446.30537 0.993113 0.001525
2459446.30797 0.989445 0.001511
2459446.31057 0.992869 0.001504
2459446.31317 0.993035 0.001495
2459446.31578 0.993396 0.001488
2459446.31838 0.993413 0.001486
2459446.32098 0.991381 0.001496
2459446.32358 0.993168 0.001527
2459446.32618 0.993961 0.001493
2459446.32878 0.993272 0.00148
2459446.33138 0.99256 0.001477
2459446.33398 0.991421 0.001589
2459446.33659 0.994869 0.001529
2459446.33919 0.992714 0.001507
2459446.34179 0.994489 0.001478
2459446.34439 0.993317 0.001461
2459446.34699 0.992609 0.001464
2459446.34959 0.993991 0.001459
2459446.35219 0.996562 0.00146
2459446.3548 0.994729 0.001456
2459446.3574 0.995847 0.001456
2459446.36 0.991145 0.001451
2459446.3626 0.992639 0.001453
2459446.3652 0.996997 0.001459
2459446.3678 0.993632 0.001456
2459446.3704 0.993394 0.00146
2459446.37301 0.993199 0.00146
2459446.37561 0.992525 0.001459
2459446.37822 0.996796 0.001462
2459446.38082 0.989849 0.00145
2459446.38342 0.994417 0.001465
2459446.38602 0.99548 0.001468
2459446.38862 0.99869 0.001468
2459446.39122 0.993066 0.001464
2459446.39382 0.992103 0.001468
2459446.39642 0.999559 0.001468
2459446.39902 0.996832 0.00147
2459446.40162 0.996551 0.001465
2459446.40423 0.997795 0.001458
2459446.40683 1.000184 0.001463
2459446.40943 0.998596 0.001455
2459446.41203 0.999965 0.001457
2459446.41463 0.998645 0.001455
2459446.41723 0.999925 0.001451
2459446.41983 1.0025 0.001451
2459446.42243 1.002506 0.001454
2459446.42504 0.996775 0.001446
2459446.42764 0.999077 0.00145
2459446.43024 1.000742 0.001457
2459446.43284 0.995065 0.00146
