time flux flux_err
2459816.04621 1.001742 0.00138
2459816.04737 0.998986 0.001375
2459816.04851 1.000696 0.001378
2459816.04965 0.99645 0.001375
2459816.05079 0.99759 0.001376
2459816.05193 1.002106 0.001382
2459816.05328 0.998204 0.001381
2459816.05442 0.998351 0.001386
2459816.05556 0.997737 0.001382
2459816.05688 0.997997 0.001376
2459816.05802 1.001703 0.001381
2459816.05934 0.993521 0.001362
2459816.06067 1.000612 0.001377
2459816.06181 1.003197 0.001381
2459816.06295 0.99669 0.001388
2459816.06409 1.004172 0.00139
2459816.06524 1.001223 0.00138
2459816.06638 0.994779 0.001376
2459816.06752 1.001697 0.001383
2459816.06866 1.003336 0.00138
2459816.0698 0.998271 0.00138
2459816.07094 0.996793 0.001372
2459816.07227 1.001384 0.001372
2459816.07341 1.002017 0.001376
2459816.07455 1.003234 0.001378
2459816.07569 0.999083 0.001365
2459816.07702 0.996548 0.00137
2459816.07816 0.997401 0.001391
2459816.0793 1.005561 0.001393
2459816.08044 0.99594 0.001369
2459816.08158 1.006784 0.001386
2459816.08273 0.996395 0.001382
2459816.08405 1.003948 0.001382
2459816.08519 1.004062 0.00138
2459816.08633 0.996595 0.001374
2459816.08747 0.995633 0.001374
2459816.0888 1.002932 0.001376
2459816.09012 1.00194 0.00137
2459816.09145 1.000261 0.001368
2459816.09259 0.998332 0.001365
2459816.09373 0.995561 0.00136
2459816.09487 0.997455 0.00136
2459816.09751 1.002474 0.001369
2459816.09865 1.001228 0.001367
2459816.09997 0.995713 0.00136
2459816.10111 0.997785 0.001361
2459816.10225 0.996432 0.001361
2459816.10357 0.99703 0.001364
2459816.10471 1.0 0.001373
2459816.10586 1.002773 0.001379
2459816.10717 1.004321 0.001393
2459816.10832 0.996568 0.00138
2459816.10946 0.998617 0.001376
2459816.1106 1.00237 0.001371
2459816.11192 1.003992 0.001389
2459816.11306 1.000008 0.001375
2459816.1142 1.001124 0.001383
2459816.11553 0.999957 0.001363
2459816.11687 1.002624 0.001363
2459816.11801 0.996017 0.001356
2459816.11934 1.002218 0.001363
2459816.12048 1.002382 0.001364
2459816.1218 1.001293 0.001362
2459816.12426 0.999488 0.001364
2459816.12559 0.994654 0.001352
2459816.12673 1.001092 0.001368
2459816.12787 1.004046 0.001374
2459816.12921 0.998729 0.001367
2459816.13054 1.000379 0.001374
2459816.13168 1.003597 0.001378
2459816.13301 1.003005 0.001383
2459816.13415 0.997466 0.001377
2459816.13529 1.000836 0.001383
2459816.13643 0.998438 0.001409
2459816.13758 1.000887 0.001407
2459816.13872 0.996115 0.001408
2459816.14004 0.997456 0.001413
2459816.14119 0.990297 0.001411
2459816.14365 0.998007 0.00142
2459816.14498 0.998858 0.001421
2459816.14612 0.990809 0.001416
2459816.14726 0.990866 0.001417
2459816.1484 0.99494 0.001421
2459816.14954 0.994323 0.001424
2459816.15068 0.992579 0.001424
2459816.15182 0.996011 0.00144
2459816.15317 0.991358 0.001437
2459816.1545 0.994648 0.001447
2459816.15564 0.996835 0.001456
2459816.15696 0.996657 0.00145
2459816.15829 0.995462 0.001446
2459816.15943 0.988598 0.001436
2459816.16057 0.988247 0.001439
2459816.16171 0.990985 0.001446
2459816.16285 0.991739 0.001448
2459816.16399 0.995474 0.001455
2459816.16513 0.991927 0.001455
2459816.16742 0.99194 0.001446
2459816.16874 0.990091 0.001444
2459816.17006 0.993277 0.001498
2459816.1712 0.986051 0.00146
2459816.17253 0.986923 0.001462
2459816.17386 0.983621 0.001469
2459816.175 0.987962 0.001482
2459816.17632 0.98734 0.00151
2459816.17765 0.990963 0.001525
2459816.17879 0.98987 0.001493
2459816.17993 0.991442 0.001456
2459816.18107 0.993069 0.0015
2459816.18222 0.991246 0.00151
2459816.18353 0.990106 0.00148
2459816.18485 0.993435 0.001471
2459816.18599 0.989362 0.001482
2459816.18713 0.992298 0.001471
2459816.18828 0.992482 0.001459
2459816.18961 0.988018 0.001449
2459816.19075 0.987191 0.001445
2459816.19189 0.990166 0.001445
2459816.19303 0.986482 0.001433
2459816.19417 0.989883 0.001431
2459816.19531 0.987422 0.001436
2459816.19645 0.990684 0.001442
2459816.19779 0.991308 0.001442
2459816.19911 0.99021 0.001437
2459816.20025 0.990554 0.001443
2459816.20157 0.989357 0.001442
2459816.20289 0.992575 0.001451
2459816.20403 0.99594 0.001597
2459816.20536 0.99077 0.001562
2459816.20669 0.990482 0.001518
2459816.20915 0.994398 0.001584
2459816.21047 0.99038 0.001585
2459816.21161 0.986782 0.001584
2459816.21294 0.99118 0.001603
2459816.21408 0.988141 0.001559
2459816.21541 0.98728 0.001539
2459816.21674 0.988767 0.001537
2459816.21789 0.993089 0.00159
2459816.2192 0.982283 0.001557
2459816.22052 0.985999 0.001582
2459816.22167 0.987785 0.001592
2459816.22298 0.995222 0.001622
2459816.2243 0.986003 0.001616
2459816.22544 0.994835 0.001625
2459816.22658 0.988168 0.001617
2459816.22773 0.988534 0.001633
2459816.22906 0.989686 0.001549
2459816.2302 0.989258 0.001543
2459816.23153 0.984405 0.001531
2459816.23286 0.988538 0.001535
2459816.23417 0.987312 0.001668
2459816.23531 0.9856 0.001602
2459816.23646 0.988221 0.001561
2459816.2376 0.994319 0.001593
2459816.23874 0.987483 0.001616
2459816.23988 0.986651 0.001627
2459816.24102 0.992356 0.001631
2459816.24216 0.986667 0.00161
2459816.2433 0.990448 0.001591
2459816.24444 0.994995 0.001592
2459816.24558 0.992297 0.001595
2459816.24672 0.991351 0.001601
2459816.24787 0.988921 0.001607
2459816.24901 0.989252 0.00161
2459816.25015 0.991161 0.001619
2459816.25129 0.987555 0.00164
2459816.25243 0.987215 0.001699
2459816.25357 0.985151 0.001719
2459816.25471 0.982899 0.001693
2459816.25585 0.993044 0.001701
2459816.25699 0.9935 0.001754
2459816.25814 0.998947 0.001799
2459816.25928 0.983389 0.001769
2459816.26042 0.995493 0.001758
2459816.26156 0.990965 0.001765
2459816.2627 0.993982 0.001771
2459816.26384 0.991502 0.001773
2459816.26517 0.991897 0.001782
2459816.26631 0.991825 0.001766
2459816.26763 0.986564 0.001759
2459816.26895 0.989003 0.001729
2459816.27009 0.987998 0.00172
2459816.27142 0.992512 0.001708
2459816.27274 0.999516 0.001731
2459816.27388 0.988761 0.001711
2459816.27521 0.989763 0.001689
2459816.27635 0.993912 0.00168
2459816.27767 0.988301 0.00166
2459816.27899 0.993816 0.001668
2459816.28013 0.990332 0.001667
2459816.28146 0.990594 0.00167
2459816.28278 0.989627 0.001668
2459816.28412 0.990725 0.001654
2459816.28526 0.993042 0.001662
2459816.2864 0.983289 0.001651
2459816.28755 0.993857 0.001666
2459816.28887 0.988319 0.001654
2459816.29019 0.986134 0.001641
2459816.29134 0.988025 0.001641
2459816.29248 0.988073 0.001634
2459816.29362 0.991629 0.001629
2459816.29476 0.989904 0.001623
2459816.2959 0.992158 0.001621
2459816.29704 0.9892 0.001619
2459816.29836 0.993025 0.001619
2459816.2995 0.989269 0.001613
2459816.30083 0.98553 0.001612
2459816.30329 0.992519 0.001622
2459816.3046 0.992573 0.001636
2459816.30574 0.987312 0.001628
2459816.30688 0.989538 0.001639
2459816.30803 0.99235 0.001639
2459816.30917 0.993081 0.001632
2459816.31031 0.996434 0.001629
2459816.31145 0.992051 0.001622
2459816.31259 0.998034 0.001619
2459816.31391 0.992101 0.001611
2459816.31505 0.98918 0.001607
2459816.31638 0.992501 0.001618
2459816.3177 0.998871 0.001634
2459816.31884 0.990783 0.001621
2459816.32016 0.987085 0.001617
2459816.3213 0.995398 0.001626
2459816.32244 0.991445 0.001624
2459816.32359 0.990693 0.001624
2459816.32473 0.987956 0.001621
2459816.32605 0.992746 0.00163
2459816.32737 0.99444 0.001635
2459816.32851 0.998153 0.001645
2459816.32983 0.997899 0.001646
2459816.33097 0.990427 0.001628
2459816.3323 0.994366 0.001613
2459816.33363 0.990705 0.001582
2459816.33495 0.99508 0.001574
2459816.33609 0.989745 0.001565
2459816.33741 0.985809 0.001553
2459816.33855 0.987264 0.001554
2459816.33986 0.990936 0.001552
2459816.34118 0.99064 0.001542
2459816.34233 0.987371 0.001539
2459816.34365 0.993999 0.00155
2459816.34497 0.991353 0.001555
2459816.34612 0.992842 0.001557
2459816.34744 0.993921 0.001558
2459816.34876 0.989762 0.001552
2459816.3499 0.995048 0.001552
2459816.35122 0.99317 0.001547
2459816.35255 0.997025 0.001551
2459816.35369 0.99519 0.001551
2459816.35483 0.994342 0.001549
2459816.35597 0.990133 0.001546
2459816.35711 0.995195 0.001553
2459816.35825 0.993741 0.00156
2459816.35957 0.987641 0.00157
2459816.36089 0.99016 0.001595
2459816.36203 0.993794 0.001606
2459816.36317 0.990461 0.001607
2459816.36431 0.984593 0.001614
2459816.36546 0.985284 0.001626
2459816.3666 0.983639 0.001631
2459816.36774 0.995763 0.001651
2459816.37039 0.998325 0.001641
2459816.37153 0.996799 0.001633
2459816.37286 0.998214 0.001614
2459816.37417 0.991328 0.001601
2459816.37531 0.997474 0.001604
2459816.37664 0.989721 0.001585
2459816.37795 0.992212 0.00158
2459816.3791 0.997717 0.001585
2459816.38024 0.986602 0.001572
2459816.38138 1.00177 0.001613
2459816.38252 0.993563 0.001593
2459816.38384 0.995759 0.001601
2459816.38498 0.995777 0.001584
2459816.38613 0.994365 0.001577
2459816.38727 0.992908 0.001596
2459816.38841 0.997386 0.001602
2459816.38955 1.005903 0.001744
2459816.39069 0.995943 0.0017
2459816.39316 1.002491 0.001691
2459816.39449 1.00841 0.001672
2459816.3958 0.991878 0.001653
2459816.39695 0.992097 0.001621
2459816.39827 0.997484 0.001636
2459816.39959 1.00404 0.001618
2459816.40074 0.995082 0.001564
2459816.40206 0.992727 0.001574
2459816.4032 0.993249 0.001566
2459816.40434 0.996057 0.001556
2459816.40549 0.992097 0.001535
2459816.40663 0.995482 0.001558
2459816.40777 0.993593 0.001604
2459816.40891 1.003228 0.001661
2459816.41005 0.993283 0.001563
