time flux flux_err
2459908.62433 0.9994340283530176 0.0006044567095959
2459908.62553 0.993676195963496 0.0006028486180856
2459908.62673 1.000565971646982 0.0006036039993056
2459908.62794 1.0008288705937656 0.0006145836733559
2459908.62914 0.9988076150617453 0.0006156837985857
2459908.63035 1.0049731163479472 0.0006098960555182
2459908.63155 1.0013181695876423 0.0006085425132878
2459908.63274 0.998344858241522 0.0006094713801225
2459908.63393 0.998922717714336 0.0006110261159873
2459908.63513 1.0015764859569318 0.0006055907531458
2459908.63632 1.000817569536382 0.005641871101704
2459908.63753 1.0053001728888846 0.0005988317461987
2459908.63873 1.0054242962531998 0.0006059015203658
2459908.63993 1.0030462633671755 0.0006000505820919
2459908.64113 1.001801726850694 0.0006002959800572
2459908.64234 1.0014865879844717 0.0006083644377805
2459908.64354 1.0012142060466709 0.0006060084498436
2459908.64474 1.0055677842711055 0.0005989184575702
2459908.64594 1.0024205004912128 0.000594624624682
2459908.64713 1.0028266300180757 0.0005930134372482
2459908.64832 1.0036395627270591 0.0006038415560821
2459908.64952 1.0055321558370722 0.0006022728402221
2459908.65072 1.002919529714482 0.0005977832315348
2459908.6519 1.0026337628583868 0.0005979459493376
2459908.65308 1.000391401934473 0.000597630005402
2459908.65425 1.0033506017035665 0.0005954280236434
2459908.65543 1.0034098032885408 0.0006057531883952
2459908.65661 1.004488304578914 0.000593956097409
2459908.6578 1.00206456961981 0.0005906317199997
2459908.65899 0.9990590029703309 0.0055535454255346
2459908.66018 0.9965166556491357 0.0005970214807453
2459908.66138 0.9965350266788797 0.0006053882014905
2459908.66256 0.9997677309418722 0.0006022740039735
2459908.66375 0.9963131221694792 0.0006141685174182
2459908.66494 0.9926098075794983 0.0005990508561081
2459908.66613 0.9926574589502685 0.000597318857126
2459908.66733 0.9908310179650448 0.000606598395058
2459908.66853 0.9931546144352472 0.0006010345875576
2459908.66973 0.9944180615168077 0.0006062605706647
2459908.67094 0.9934085635892835 0.0006011831904568
2459908.67213 0.9916033043105404 0.0005998385138942
2459908.67332 0.9930045490044803 0.0005981371333475
2459908.67452 0.990391293861099 0.0005946198156282
2459908.67574 0.9934218275545914 0.0005904989418942
2459908.67693 0.9945595149731629 0.000604542242934
2459908.67814 0.991686575026464 0.0005943464852069
2459908.67933 0.993273875713091 0.0006075980120819
2459908.68052 0.9910470506511448 0.0005967022903018
2459908.68171 0.9944117763652855 0.0005898163741825
2459908.6829 0.9910338985238797 0.0005945036345507
2459908.6841 0.9895610458452931 0.00058587310284
2459908.68529 0.9919722597142573 0.0005888025090423
2459908.68648 0.9917379245817902 0.0006109261628597
2459908.68768 0.99130317608348 0.000594374345428
2459908.68888 0.9875924826674352 0.0005948049801646
2459908.69008 0.989882789932964 0.0005892439810389
2459908.69127 0.9925103705421693 0.0005904074883206
2459908.69248 0.9921332366856128 0.0005944805247589
2459908.69367 0.9907067094475872 0.0005756217799017
2459908.69487 0.9915766169430928 0.0005908969078281
2459908.69606 0.9903233272843928 0.0005897450055556
2459908.69726 0.9899996638840064 0.0054504739355687
2459908.69844 0.9899878383877795 0.0005895637612606
2459908.69964 0.992211700780384 0.0005792282528452
2459908.70083 0.9920800693368864 0.005321287453054
2459908.70202 0.9914809455412138 0.000570252354311
2459908.70323 0.9893015915669336 0.0005705802642108
2459908.70442 0.9906273517974845 0.0005559874330842
2459908.70561 0.987553748173003 0.0005689897852436
2459908.70679 0.9893218942223136 0.0005518993874509
2459908.70798 0.9909367455138147 0.0052319197391262
2459908.70918 0.9891939578348036 0.000577162305915
2459908.71037 0.9909768235803152 0.0005666745838473
2459908.71156 0.9871003098678931 0.0005657468330947
2459908.71275 0.9886179106832291 0.0005608996849359
2459908.71395 0.9881769386610104 0.0005622643563466
2459908.71514 0.9887825873341956 0.0005636440831342
2459908.71633 0.9896296955272184 0.0005636295776634
2459908.71752 0.9919650569560856 0.0005666999941122
2459908.71871 0.9879812640636562 0.0051813058533291
2459908.71991 0.988791598283472 0.0005634503473789
2459908.72109 0.987702418950868 0.0005620126554563
2459908.72228 0.9874009727239668 0.0005611294331739
2459908.72346 0.9872917309023682 0.0005603578807612
2459908.72464 0.990084245875168 0.0005567950984359
2459908.72583 0.9882302409524176 0.0005570735250039
2459908.72701 0.9878934147014061 0.0005640874132974
2459908.7282 0.9896681863894196 0.0005541945602234
2459908.7294 0.9863688565363389 0.0005581905734054
2459908.73058 0.9881516777010344 0.0005613222731983
2459908.73176 0.988996727390597 0.0005651030977318
2459908.73295 0.9874742705454702 0.0050646184556232
2459908.73413 0.9872646650198301 0.000557649045608
2459908.73532 0.9891313180824948 0.0005586889229281
2459908.7365 0.9872844899688531 0.0005646978021855
2459908.7377 0.9878218912971488 0.0005580508808862
2459908.73889 0.9879275823371256 0.0005473478841797
2459908.74007 0.9872924087981758 0.0005612464751836
2459908.74126 0.989713589253936 0.000566325707804
2459908.74245 0.9894677208232144 0.000558175582939
2459908.74364 0.9896182558940446 0.0005602041809402
2459908.74483 0.9910640921031209 0.0005608604714364
2459908.74602 0.9861246837247578 0.000563535880398
2459908.74721 0.9895589019911863 0.0005547142441968
2459908.7484 0.988450184877157 0.0005588408501494
2459908.74959 0.987927004753026 0.0005640198561755
2459908.75079 0.9863114121687613 0.0005695214175728
2459908.75197 0.986735435598268 0.0005504818373593
2459908.75316 0.9889672639075581 0.0050006742584321
2459908.75435 0.9873627560284924 0.0005673152317305
2459908.75553 0.9825566049438317 0.0005577400193605
2459908.75672 0.9840093313131864 0.0005637317436353
2459908.75792 0.985764499268792 0.0005710906457515
2459908.75911 0.9876254703961165 0.0005642616845958
2459908.76029 0.9843764439388792 0.0005822868901838
2459908.76148 0.9860644251962568 0.0005919154468783
2459908.76267 0.9868174549457432 0.0005735012193005
2459908.76385 0.9877161545882496 0.0005732016789112
2459908.76503 0.9849313977251651 0.0005907731458138
2459908.76621 0.986278168805701 0.0005860664769882
2459908.76741 0.9879002194994768 0.0005477234909817
2459908.76859 0.9850897762084144 0.0005543672827224
2459908.76977 0.9871273792332024 0.0005482793357133
2459908.77095 0.9852618172924462 0.0005616045249443
2459908.77214 0.9852224182435229 0.0005803628965853
2459908.77332 0.9847349867519518 0.0005556921500953
2459908.77451 0.9851028730798648 0.0005651511722317
2459908.77569 0.9832570355656576 0.000564630315692
2459908.77687 0.9881244794460377 0.0005512938179436
2459908.77807 0.9867045748013976 0.0005498383755132
2459908.77925 0.9887599059232656 0.0005541044623899
2459908.78043 0.9839123940758525 0.00055940929804
2459908.78161 0.9881796335651187 0.0005710237083187
2459908.78278 0.9877091273190973 0.0005651623541416
2459908.78397 0.9856058935959384 0.0005663306981393
2459908.78515 0.9860649600645296 0.000561774151128
2459908.78634 0.9889821452680122 0.0005535209501595
2459908.78752 0.9868828145020686 0.0005642616518322
2459908.78871 0.9876451335080018 0.000564428014193
2459908.78989 0.9847579386664147 0.000572064699752
2459908.79109 0.9868495941277594 0.0005815093335323
2459908.79228 0.9853583125784509 0.0006076234520078
2459908.79347 0.9853197786083965 0.0005868853182797
2459908.79465 0.9846199648840788 0.0006195502905985
2459908.79584 0.9828493536526739 0.0006394322231734
2459908.79702 0.9869106998650957 0.0006366796861956
2459908.79822 0.9856261581481448 0.0006799131157005
2459908.79941 0.9863781931066397 0.0006469170309648
2459908.8006 0.982697227317329 0.0006420966281537
2459908.80178 0.9863663737975484 0.0006221337564023
2459908.80297 0.9838520541781933 0.0006225211253781
2459908.80415 0.9834037586826888 0.0053688802728626
2459908.80535 0.9870275541967672 0.0052005766980075
2459908.80653 0.9829236772326013 0.0005934845039309
2459908.8077 0.9845051030968339 0.0053641940873725
2459908.80888 0.9849054293104968 0.0006153924722408
2459908.81007 0.9863115666188944 0.0006142953332451
2459908.81125 0.987690186853948 0.0006704321782947
2459908.81243 0.9877179956382413 0.0006739663916941
2459908.81362 0.9870888528286755 0.0005702522926171
2459908.8148 0.9872381667268499 0.0005635496915819
2459908.81598 0.9844230776820044 0.0005928070294837
2459908.81716 0.9854547380765714 0.0005716558861791
2459908.81834 0.9846274262808824 0.0005650215275593
2459908.81952 0.985426214346112 0.000550370063574
2459908.82071 0.9855487832195469 0.0005471934308785
2459908.82189 0.9863810150273123 0.0005586732233417
2459908.82307 0.9879864803811024 0.0005559843265012
2459908.82425 0.9863293578273415 0.0005618464079353
2459908.82543 0.985123249785852 0.0005516260327909
2459908.82661 0.9875045173760808 0.0051221840274203
2459908.82779 0.9842203391524031 0.0005564542518352
2459908.82897 0.9833637983503034 0.0005595724613425
2459908.83014 0.988089520389547 0.0005759171078428
2459908.83131 0.9901043411929843 0.0005737556208186
2459908.83248 0.9880626185541875 0.0005524888867607
2459908.83366 0.9861208175566755 0.0005472619753348
2459908.83481 0.987514997685392 0.0005694091777626
2459908.83598 0.9867977828944094 0.0005555210546328
2459908.83715 0.9864196368683432 0.0005623119951996
2459908.83831 0.9883628909555408 0.0005691706386417
2459908.83948 0.9872455554764256 0.0005527770534418
2459908.84064 0.9905108777843096 0.0005692396641565
2459908.8418 0.9871428578960884 0.000565450096134
2459908.84297 0.9865773386966856 0.005213958391672
2459908.84414 0.9863134887936766 0.000585615592403
2459908.84531 0.9882392157781662 0.0053962134223631
2459908.84648 0.9869119311525592 0.0005984372874026
2459908.84765 0.9902348063311198 0.0006214342993861
2459908.84882 0.9892777117692236 0.0006330575952879
2459908.84998 0.9859498148579656 0.0006413880137712
2459908.85114 0.9867542031647784 0.0006446189326661
2459908.8523 0.986758615597288 0.0006488782412828
2459908.85347 0.9902885180098787 0.00068184345171
2459908.85463 0.9835259267901224 0.0008029564177471999
2459908.8558 0.9887283413426803 0.0007854850776167
2459908.85696 0.9902468814294778 0.0008643902592840999
2459908.85811 0.9868765319216756 0.0008915199777029998
2459908.85928 0.9864693967266212 0.0010306842159073
