time flux flux_err
2460278.52825 1.0009088759167883 0.0024965627250172
2460278.53066 1.0076774576156495 0.0022795007171505
2460278.5331 1.0022232854206583 0.0021687313214612
2460278.53553 0.9990164544298654 0.002106032314893
2460278.53798 1.0043580717011051 0.0022339215045762
2460278.54041 1.0001326576846503 0.0021188988116658
2460278.54285 0.9991781681044664 0.0020255130097488
2460278.54528 0.998541940641805 0.0020200010635349
2460278.54772 0.9997085259143168 0.0020430972793027
2460278.55015 0.9998673261049555 0.0020661253545196
2460278.55258 1.0021976386019296 0.0020980172633312
2460278.55501 1.0029281057385695 0.0020124224196942
2460278.55746 1.000997487724348 0.001994133421304
2460278.55987 1.0011436359404804 0.0020555440386315
2460278.56231 1.0009549050138566 0.0020145758910675
2460278.56474 0.9984171856854676 0.0020231543514695
2460278.56715 1.0041408201953783 0.002005463500814
2460278.56959 0.9986831452103957 0.0020819791140555
2460278.57202 1.003816604762081 0.0019929975824098
2460278.57446 1.0000920845939842 0.0019891000059851
2460278.57689 1.00430863835325 0.002010399642582
2460278.57931 1.0027587831031348 0.0020220110871056
2460278.58175 1.0019603731853908 0.0024168048569823
2460278.58417 1.00010584816969 0.0019827600191023
2460278.5866 1.0010783920095003 0.0020613099347653
2460278.58903 1.0006744805197192 0.002024353038896
2460278.59146 1.0026214358072216 0.0020112293295754
2460278.59388 1.000851836948578 0.0019781823243676
2460278.59631 1.0038926191348243 0.0020217145427716
2460278.59874 0.9989496106400176 0.002023676332432
2460278.60117 0.9981279057146333 0.0020243599100507
2460278.60359 0.9987061806804111 0.0020138344511769
2460278.60602 0.9945693802040269 0.0020170713505016
2460278.60845 0.9949777334050248 0.0020966150031631
2460278.61088 0.9955295596184173 0.0020985410104172
2460278.61331 0.994667767190315 0.0021530765872419
2460278.61574 0.9934001365113192 0.0021640518315268
2460278.61817 0.9916657324066813 0.0022093663609585
2460278.62059 0.9923925611134327 0.0022665437297647
2460278.62302 0.9933302112261334 0.0023204006651365
2460278.62545 0.9935120065968195 0.0023011190189514
2460278.62788 0.9913531292693811 0.0023076332311696
2460278.63031 0.994128308660757 0.002374842129625
2460278.63275 0.9890959127782286 0.0024552718734595
2460278.63516 0.9918975179165807 0.0024706471647334
2460278.63759 0.988715406895737 0.0024911775154786
2460278.64003 0.9919913876687859 0.0023959209064126
2460278.64246 0.9928861483426424 0.0024473982105568
2460278.64489 0.9927746953127549 0.0023938264191014
2460278.64731 0.9967755046161242 0.0023603867896716
2460278.64974 0.9925806294424439 0.0023380142612622
2460278.65217 0.9910319409597603 0.0024153714411416
2460278.6546 0.991336678987428 0.0023391954322127
2460278.65702 0.9921107239224154 0.0023482485608882
2460278.65945 0.9925837352106304 0.0023248469776753
2460278.66188 0.9913429133811567 0.0024520889672806
2460278.66431 0.991988862289497 0.0024209487943977
2460278.66674 0.991756934837482 0.0024461411710665
2460278.66917 0.9887516590089368 0.0073718403457836
2460278.67159 0.9893509302016831 0.0025054278259773
2460278.67402 0.9895424556687816 0.0024072214404027
2460278.67645 0.9902013239325251 0.0024113295290914
2460278.67887 0.9921003352432368 0.0025265829807498
2460278.6813 0.9917157058271708 0.0024591974621132
2460278.68373 0.9906608064430018 0.0025009441596308
2460278.68615 0.989711828309748 0.0024734482065916
2460278.68858 0.9907398209683338 0.002489107866846
2460278.69101 0.9914394769173616 0.0025432990600727
2460278.69343 0.9913903385862478 0.0024658911794417
2460278.69585 0.9908329809562675 0.0024808007006918
2460278.69828 0.9904035257788227 0.0024769797810009
2460278.70071 0.990447458513096 0.0025384064846588
2460278.70314 0.9906883085272765 0.0025361796821773
2460278.70557 0.990956857344837 0.0025175662341019
2460278.708 0.9936248820804204 0.0025332778481891
2460278.71042 0.9898823405494013 0.0026071016963643
2460278.71285 0.9915114664524391 0.0025365949860508
2460278.71528 0.9942428925725492 0.0025136214309097
2460278.7177 0.9921191690987182 0.0024642404699969
2460278.72013 0.9886849974871617 0.0025082919986635
2460278.72255 0.9875697063530448 0.0024834008452989
2460278.72498 0.989521987765417 0.0026030996558071
2460278.7274 0.988135557162089 0.0025514055248926
2460278.72984 0.9892865754912941 0.0024721597908931
2460278.73227 0.9921853111587133 0.0025128804129233
2460278.7347 0.9904534891479528 0.0025288016774712
2460278.73712 0.9893782035757218 0.0025462177659038
2460278.73955 0.9920590925070448 0.0025604988182889
2460278.74197 0.9889079843525432 0.0025002713870443
2460278.74439 0.9906657401994531 0.0025320054643738
2460278.74682 0.9906001982736846 0.002506819099988
2460278.74925 0.9902716219846499 0.002517947845293
2460278.75167 0.9886388304057137 0.0025546314187217
2460278.7541 0.9905346963767576 0.0024889297717178
2460278.75652 0.990037857439792 0.0025350585967148
2460278.75894 0.9932717900689546 0.002499177307505
2460278.76137 0.9900671888591736 0.0025342561654369
2460278.7638 0.9877268226199049 0.0025568548248284
2460278.76622 0.9895049351333206 0.0025087679585681
2460278.76865 0.993283710873864 0.0025082951423939
2460278.77108 0.9873041689981972 0.0025442410146706
2460278.7735 0.9902179501198111 0.0025340265531659
2460278.77592 0.9910284186898685 0.0025423035077118
2460278.77835 0.9903857637484512 0.0025126365022393
2460278.78078 0.9901631463019219 0.0025352687464554
2460278.7832 0.9937510373188144 0.0025310775651785
2460278.78562 0.9916304162651071 0.0025532350294673
2460278.78805 0.9935006317712662 0.0025459224602965
2460278.79048 0.9924460320621952 0.0025519328918224
2460278.79291 0.9912896891849123 0.0025681080376843
2460278.79534 0.992116377114849 0.0077013550467936
2460278.79776 0.9978534322739087 0.0028075293070753
2460278.80018 0.9913853972644768 0.0025464061951638
2460278.80262 0.9954204097024771 0.0025444581559997
2460278.80505 0.993850411870388 0.0025586960532906
2460278.80748 0.9918863665373062 0.0026718625893945
2460278.80991 0.9965627374217507 0.0025539051161571
2460278.81235 0.9902999704965127 0.0025271070945537
2460278.81478 0.9918465317784224 0.0025032082289188
2460278.8172 0.9920627193316924 0.0025092812749962
2460278.81963 0.9908950313133592 0.002574925527931
2460278.82206 0.9949807078361994 0.0076595116570064995
2460278.82449 0.9922880727875208 0.002606569650286
2460278.82692 0.9906669980689109 0.002567122423306
2460278.82935 0.9933182131076637 0.0025865706662576
2460278.83177 0.9916241685394376 0.0025540773581944
2460278.8342 0.9908588035127768 0.002863790301364
2460278.83663 0.9936019443772764 0.0025941746302274
2460278.83906 0.9912180810364296 0.0026700589242068
