time flux flux_err
2458798.6279 0.9945275767341699 0.0008447120885689999
2458798.62958 0.9992527229476658 0.000840992695802
2458798.63126 0.9998982492556489 0.0008426984739409999
2458798.63298 0.99885642768947 0.000843293169442
2458798.63489 0.9989002061369102 0.000843307115599
2458798.63662 1.000101741209582 0.0008307050475669999
2458798.6383 1.000422011669942 0.000825823145651
2458798.64025 1.0011815577886 0.0008240705246799998
2458798.64193 1.000321582346396 0.000838322778513
2458798.64361 1.00205256818038 0.00083547463216
2458798.64533 0.9977459446020499 0.000815257779078
2458798.64723 1.00345255272467 0.000835883481014
2458798.64896 0.99832332910309 0.0008075434027559999
2458798.65063 0.99837012356154 0.0008094312309459998
2458798.65259 1.00134357863594 0.000837770270195
2458798.65427 0.9987682731335 0.000788992704367
2458798.65594 0.99744856792058 0.0008131976855349998
2458798.65781 0.99784130229275 0.000811699113296
2458798.65949 1.000307732430652 0.000821846543526
2458798.66117 0.9976106039758702 0.000822482263807
2458798.66312 1.00141154305621 0.000819484774638
2458798.66479 1.000737858338671 0.000817997525568
2458798.66647 0.9972241833265901 0.000806930566518
2458798.66841 0.9996242928360499 0.000807541574466
2458798.67009 0.9983063663054 0.0008195703814429998
2458798.67177 0.99878169356444 0.0007992290806259998
2458798.6737 0.999643258009356 0.000806616660658
2458798.67538 0.9988491787396899 0.000805216798864
2458798.67706 0.9993543623784628 0.0008064452838499999
2458798.67894 0.9976190862896802 0.000808279679608
2458798.68061 0.9976648930900701 0.000804708498056
2458798.6823 0.9950811011126499 0.0008065956332689999
2458798.68423 0.9983587017209 0.0008028770866059998
2458798.68592 1.000622827378664 0.000802213559602
2458798.6876 0.99853325971171 0.0008042066800229998
2458798.68956 0.99667167246518 0.000806119355833
2458798.69123 0.99869948862274 0.00080562229441
2458798.6929 0.9981040533328898 0.000803799902723
2458798.69485 0.99859599624874 0.000804554257294
2458798.69653 0.9979135545816701 0.0008043896996269999
2458798.69819 0.99783022412572 0.0007881967909469999
2458798.69991 0.9983680892880498 0.00078846484493
2458798.7018 1.000290808014335 0.000782853593977
2458798.70353 0.99785015403089 0.000801695876049
2458798.70522 0.9980765455258898 0.0008064372996649999
2458798.7071 0.9995314487961928 0.000772065314992
2458798.70878 0.99964544459704 0.000799052198376
2458798.71046 0.99824222565542 0.0007849700641519999
2458798.71234 1.00173057623107 0.0007882491695079998
2458798.71401 0.99740845311392 0.000769527744613
2458798.71569 0.9969060627311 0.000785972726334
2458798.71765 0.9966868642720602 0.000774887300078
2458798.71932 0.9977799156555902 0.000776780213121
2458798.72099 0.9960797451190098 0.0007706373792349999
2458798.72287 0.9976261521646702 0.000760194213767
2458798.72454 0.99706995152343 0.0007705908875319999
2458798.72641 0.9954929503450899 0.000773034142508
2458798.72809 0.9974403415328701 0.000771991666533
2458798.72998 0.9950150452979901 0.000774177468223
2458798.73164 0.9938171221339802 0.000771426196336
2458798.7334 0.99305478955602 0.0007499956833939999
2458798.73513 0.99019196918874 0.000784213670035
2458798.73695 0.9901799736131501 0.000790838903845
2458798.73868 0.9897506564056 0.000766358321816
2458798.74058 0.99226783115484 0.0007851040420159998
2458798.74231 0.9906284233985102 0.00077425315349
2458798.74414 0.98910336157 0.000776348497089
2458798.74586 0.9892779019975002 0.0007798696420579998
2458798.74755 0.9865586038262 0.000767749787373
2458798.74948 0.9876823888869 0.000784720246089
2458798.75116 0.9868979314866 0.000787371067722
2458798.75304 0.9876723775468 0.000783959136649
2458798.75472 0.9866190745867 0.000772078017451
2458798.75661 0.9855935774273 0.000759560485276
2458798.75829 0.9865369063856 0.000769165737647
2458798.76023 0.9884561298004 0.0007548033779569999
2458798.76191 0.9843275561986 0.0007590786011439999
2458798.76385 0.9867165888981002 0.000763112318969
2458798.76553 0.9867744363457 0.000768287891445
2458798.76721 0.9855849731417 0.000754669095529
2458798.76915 0.9856708494901 0.0007553916949909999
2458798.77083 0.9860253717929 0.000757030693581
2458798.77278 0.9885398400948 0.000783438709394
2458798.77447 0.986607448214 0.000756456490314
2458798.77641 0.9860015319322 0.000767987221774
2458798.77809 0.9848533318023 0.0007382488124649998
2458798.78002 0.9853796642999002 0.00075780917172
2458798.7817 0.9849660381295 0.000771968683285
2458798.78359 0.9841464143077 0.000762723819154
2458798.78527 0.9872888597752 0.000752076693151
2458798.78693 0.9852425611747002 0.0007672259463199999
2458798.78881 0.9843360665298002 0.000750505281099
2458798.79049 0.9857279666379 0.0007481874094249999
2458798.79243 0.9829330761257 0.000749181795739
2458798.79411 0.9867976859238 0.000716142657557
2458798.79606 0.9837291374196 0.000745881123944
2458798.79774 0.9852214935253 0.00074834871587
2458798.80072 0.9858344257012 0.0007406958944199999
2458798.80263 0.9836870600418 0.0007388620811339999
2458798.80435 0.9832853264039002 0.000749026394431
2458798.80618 0.983931304203 0.000753389098615
2458798.80893 0.9839962289572 0.000754131951363
2458798.81083 0.9847530229916 0.00073419887866
2458798.81257 0.9844866238451 0.000748933545744
2458798.81447 0.9842026117774 0.000755921556963
2458798.81619 0.984927222149 0.0007378653017849999
2458798.8181 0.9817098134502 0.000724218317103
2458798.81983 0.9853229741099 0.000738108778894
2458798.8215 0.9855120560295002 0.0007387765971599999
2458798.82331 0.9836610561712 0.000760539438208
2458798.82498 0.9830650797621 0.0007409892154839998
2458798.82665 0.9811328477472 0.0007407401666519999
