time flux flux_err
2459538.55895 1.0013779138265186 0.0042333908187896
2459538.5594 0.9930760069232205 0.0041544178795641
2459538.55984 0.9917068112870848 0.0041602166756385
2459538.56028 1.0046035377792064 0.0041883021333183
2459538.56072 1.0004858738741016 0.0042013535796251
2459538.56116 0.9903402891366068 0.0041327538259626
2459538.5616 0.9943355961862131 0.0041148709942448
2459538.56204 0.9995141261258984 0.004169809934324
2459538.56248 1.0039320151769808 0.004195485150189
2459538.56292 1.0030481325446576 0.0041469585957864
2459538.56335 1.006755251231974 0.0041247874111474
2459538.56379 1.0004712800550608 0.0041273012497642
2459538.56423 0.99061611521446 0.0042333269139733
2459538.56467 1.0079415046518203 0.0041478769426641
2459538.56511 0.9909095812624312 0.004157271438687
2459538.56557 0.9923490284309878 0.0042144278441514
2459538.56601 0.9948410466065187 0.0040550361921816
2459538.56645 0.9964242083204435 0.0041238622266575
2459538.56688 1.000832660731428 0.0040999867343649
2459538.56732 0.994685746906553 0.0040632450648959
2459538.56776 0.9946870554882016 0.0041054426331831
2459538.56819 0.9921494402036074 0.0040796456138875
2459538.56863 0.99371139593764 0.0040807293054104
2459538.56907 0.9835823295674115 0.0040235328142778
2459538.56951 0.9967709604397328 0.0041173085434514
2459538.56995 0.9995085520038032 0.0040801486718979
2459538.57039 1.0016235955233963 0.0040550833214895
2459538.57083 0.9943943891799234 0.0040244501583305
2459538.57127 0.9928222516184384 0.0040944287042393
2459538.57171 0.9950281989661784 0.0041003511086943
2459538.57214 0.9983496804968099 0.0039927670458939
2459538.57258 0.9955116215686652 0.0040621898520008
2459538.57302 0.9979614218458819 0.0041074426698155
2459538.57346 0.9928723719380816 0.0040121229687461
2459538.5739 0.9946840506871235 0.0039608769787938
2459538.57434 0.994354777098528 0.0040964356227165
2459538.57478 1.0009247193492328 0.0039906035544192
2459538.57522 0.998533190161048 0.0039922169999131
2459538.57566 0.9902315696978893 0.0039868719831622
2459538.5761 0.9947292207467936 0.0039599332242534
2459538.57653 1.0007760342289855 0.0040090119909767
2459538.57697 1.0055463902647157 0.0039696585691739
2459538.57741 0.9997563536800466 0.0041030896749666
2459538.57785 0.9951609773202563 0.0040494158873842
2459538.57829 0.9987147645024176 0.0039166372181435
2459538.57873 1.0035475203582602 0.0040119863632726
2459538.57917 0.9898677588539827 0.0040040379014184
2459538.5796 0.9918873862762112 0.0039260109031689
2459538.58004 0.9928645729707112 0.0039482656637212
2459538.58048 0.9951168995978834 0.0039100882355832
2459538.58091 0.993570519461116 0.0039038164236942
2459538.58135 1.0029078841373191 0.0039959255483619
2459538.58179 1.0014152729155985 0.004040072080272
2459538.58223 1.0059275420460132 0.0040388683785453
2459538.58267 1.0016312152137252 0.0039249058000206
2459538.58311 0.9987401392809168 0.0039367921259461
2459538.58355 0.9961759349324658 0.0039806789736702
2459538.58399 0.9972608082195453 0.0038842380403137
2459538.58443 0.9898761939568189 0.0039500636830928
2459538.58487 1.0019575630262452 0.0039850386941387
2459538.58531 0.9983525866559764 0.0039343740612008
2459538.58575 0.9919787436837698 0.0039112277207703
2459538.58619 0.9943662296784934 0.0039951688612381
2459538.58667 0.9933752665723933 0.003983977603869
2459538.5871 0.9919848133743667 0.0038843424754822
2459538.58754 0.9923521437961069 0.0038803325930637
2459538.58798 0.9986184316430986 0.0038975672068665
2459538.58842 0.9990578754171288 0.0039388826471663
2459538.58886 0.9827236051262404 0.003825457004434
2459538.5893 0.9907869463492771 0.003899503749169
2459538.58973 0.9926556467902182 0.0039038790889562
2459538.59018 0.9954025390788643 0.0039075103497063
2459538.59061 0.9954291390605744 0.0038973229829148
2459538.59105 0.9911645692695384 0.0038852952939821
2459538.59149 0.9915453433111043 0.0038996094169432
2459538.59193 0.9935178258826074 0.0038999177299808
2459538.59237 0.994913621492992 0.0039735415800449
2459538.59281 1.0003056354163586 0.0038896855400545
2459538.59325 0.9902084160077343 0.0039803084825705
2459538.59368 0.9974845261818982 0.0039974811382517
2459538.59413 1.0018466954504368 0.0039507368214
2459538.59456 0.9965874736629043 0.003929214270686
2459538.59501 0.9860982076264824 0.0039952164881767
2459538.59545 0.9973095003399576 0.0040285033178703
2459538.59589 0.9943164998649254 0.0039750167090524
2459538.59633 0.9945901171643866 0.0039152578767721
2459538.59676 0.9908955723625885 0.0040443737727894
2459538.5972 0.988021882313558 0.004067415688687
2459538.59764 0.9915176646599168 0.0040125491438974
2459538.59808 0.9942342374914684 0.0040280574671512
2459538.59852 1.0015402038018604 0.0039658188301488
2459538.59896 0.9959408207011272 0.0039844042502999
2459538.5994 0.9892550354565104 0.0040117842480066
2459538.59985 0.9946853022636478 0.0039697644209362
2459538.60028 0.9955127296297184 0.0040350608056122
2459538.60072 0.9946270601819248 0.0039800671504156
2459538.60116 0.9889848822021262 0.0039299726514878
2459538.6016 0.993477102720391 0.0039943812137437
2459538.60204 0.9822490209731192 0.0039893396424196
2459538.60248 0.9866627275332768 0.0039526553808257
2459538.60292 0.9961101121837144 0.0039366611927883
2459538.60336 0.991125889031876 0.0039735088247857
2459538.60379 0.9921171067863048 0.0040061792409121
2459538.60423 0.9954131540607 0.0039545914793967
2459538.60467 0.99367102591579 0.0039386968024577
2459538.60511 0.9843213128120339 0.0039490158428756
2459538.60555 0.9940610795916304 0.0040464327278781
2459538.60599 0.9949137137808558 0.0039718168714094
2459538.60643 0.9851691971444938 0.0039486038720181
2459538.60686 0.9896483587078176 0.0039289464210772
2459538.6073 0.9910920252890675 0.0039498296315814
2459538.60774 0.9978336261831405 0.0039925162044961
2459538.60818 0.9978077062707592 0.0040378199829806
2459538.60862 0.9955046599458564 0.0039985611182276
2459538.60906 0.9898014331362782 0.0039952601057506
2459538.60949 0.9900087987893517 0.0040383505719266
2459538.60993 0.9927766450644728 0.0040934887686745
2459538.61037 0.9895931675164172 0.0041011468811867
2459538.61081 0.99071704836596 0.0040802169005384
2459538.61125 1.0030740815053367 0.0040404803505479
2459538.61169 0.9924333566168728 0.0040379350500436
2459538.61213 1.001250371859297 0.0040946200116982
2459538.61257 0.995470414757122 0.0041235216827455
2459538.61301 1.000440785661575 0.0040926193517665
2459538.61345 0.9976192757242445 0.0040538137440656
2459538.61389 0.987751416458084 0.0040582496980806
2459538.61433 0.9870101765820696 0.0040686173930776
2459538.61476 0.998663163318616 0.0041354632083093
2459538.6152 0.993529138269859 0.0041094175119768
2459538.61564 0.9994965785119168 0.0041334014724887
2459538.61607 0.9949614414038579 0.004013199073643
2459538.61651 1.001574162270361 0.0041149334366936
2459538.61695 0.99903923551504 0.0041728290489808
2459538.61739 0.9983461598590208 0.0041393778711311
2459538.61783 0.9931899440057752 0.0041385925862805
2459538.61827 1.0010652303213017 0.0041167885767083
2459538.61871 1.0007186283751544 0.0040757617725664
2459538.61914 1.0013949692786703 0.0041108685247702
2459538.61958 1.0030333471170765 0.0040701946734336
2459538.62002 0.9935809133918022 0.0040569159509633
2459538.62046 1.011133712302328 0.0040704065408347
2459538.6209 1.0002245650700707 0.004200775513119
2459538.62133 1.0070538791199055 0.004072238597398
2459538.62177 0.9933368509574678 0.0041039368897742
2459538.62221 1.0046410763464275 0.004204576014963
2459538.62264 0.9987377925357299 0.0040930439830307
2459538.62308 0.9993121177792765 0.0040971300700416
2459538.62352 1.0008513435485773 0.0041001285150173
2459538.62396 1.000494575993255 0.0041401175847527
2459538.62439 0.9988347548092749 0.0040573239295897
2459538.62483 0.999823115620835 0.0040467910340838
2459538.62526 1.0062408680550454 0.0040569308067266
2459538.6257 1.005779097051384 0.0040531166018752
2459538.62614 1.013942866631567 0.0040288647685289
2459538.62657 1.0127606795181254 0.003982787872009
2459538.62701 1.0014637370279886 0.0040061190640938
2459538.62745 0.9987691689463347 0.0040885577813937
2459538.62789 1.0044430786549832 0.0040794328257531
2459538.62833 1.008426699843948 0.0040785169252149
2459538.62877 1.002466592202064 0.004032006153054
2459538.62921 1.0040628667293148 0.004056319227988
2459538.62965 1.008941712519326 0.0040717404456603
2459538.63008 0.9991300521688146 0.0040110156001683
2459538.63052 1.0026515800416609 0.0040306835762208
2459538.63096 1.0090623328972377 0.0039154428886685
2459538.6314 0.9947184355388852 0.003990148262237
2459538.63184 1.00856985221842 0.003957874469304
2459538.63228 1.0044932877521366 0.0039606097025739
2459538.63272 1.0076637789727048 0.003951571048724
2459538.63316 1.009484622260055 0.0039912611776185
2459538.63359 1.0086305159726865 0.0038931593616237
2459538.63403 0.9998940611818224 0.0039468784326553
2459538.63447 1.0094938927113244 0.0039678214124031
2459538.63489 1.0020052298297175 0.0038501643125416
2459538.63533 0.9961966899028112 0.0038450374646316
2459538.63577 1.0044375427153456 0.0039754894242395
2459538.63621 1.0006294817700752 0.0039841661940739
2459538.63665 1.003834278276654 0.0039200480856532
2459538.63709 1.015793992408855 0.0039935308277482
2459538.63752 1.016330897425597 0.0039847180698029
2459538.63796 1.0042628035617172 0.0039146256020738
2459538.6384 0.9987011305320584 0.003911064319592
2459538.63884 1.0029181960739708 0.0038851973224752
2459538.63928 1.0020167830666966 0.0039530360208687
2459538.63972 0.9961320058791043 0.0038221667350772
2459538.64016 1.0046460391828356 0.0038383562153928
2459538.6406 1.0009373019574628 0.0038673583075186
2459538.64103 1.0016708277244672 0.0039451499920833
2459538.64147 1.0028599296342309 0.0038612552336921
2459538.64191 0.9973181306385897 0.003877888069897
2459538.64235 1.0014381173185691 0.0037963868601834
2459538.64279 0.9995354846673774 0.0037578584000943
2459538.64323 0.9955809019720792 0.0038837114115786
2459538.64367 1.0039787182619837 0.0038986510299748
2459538.64411 1.0091612069995304 0.0038023613827229
2459538.64455 0.9978116499924403 0.0038119233452037
2459538.64499 1.0048995390458553 0.0038501130928777
2459538.64543 0.9931203415592106 0.0038493642716658
2459538.64587 0.99784267793148 0.0038015073578523
2459538.64631 0.9976197926029728 0.0037653670510981
2459538.64675 1.0017912072274515 0.0037220377980065
2459538.64719 0.9962570279466972 0.0037006641791191
2459538.64764 0.9893019063230756 0.0037441786251474
2459538.64808 0.9843910947316973 0.0037839303410625
2459538.64851 1.0012395136329917 0.0037950519999518
2459538.64896 0.9954591245002296 0.0037977077268415
2459538.6494 0.9968593410509171 0.0037386716860674
2459538.64984 0.986598288074764 0.0037646906603861
2459538.65028 0.9994842596297718 0.0037349901529169
2459538.65072 0.995697804529024 0.0037099106780682
2459538.65116 0.9957803542111224 0.0037297999523263
2459538.6516 0.9931223889086616 0.0037779703652773
2459538.65204 0.9871542931136995 0.0037321912545831
2459538.65249 0.985053736573816 0.0036946915903985
2459538.65293 0.9955048934788938 0.0037001265296622
2459538.65336 0.9863543168455324 0.0037587102943455
2459538.65381 0.9857157295723482 0.0036764696429881
2459538.65425 0.9854052342992269 0.003673457574089
2459538.65469 0.9983104641121987 0.0037466781289329
2459538.65513 0.9877101065354176 0.0037246103287267
2459538.65557 0.9902593369183312 0.0036594160190996
2459538.65602 0.988003416890101 0.0036707195923452
2459538.65646 0.9890236247736787 0.0037341349313534
2459538.6569 0.9952752457595987 0.0036627592602414
2459538.65734 0.9935334152629528 0.0035906511963397
2459538.65779 0.9939424551046112 0.0036397550873229
2459538.65823 0.9945657044964172 0.0036424675422154
2459538.65867 0.9971134247272394 0.0036845878811153
2459538.65911 0.972915260209156 0.0036446316259312
2459538.65955 0.9864231366325038 0.0036855045693373
2459538.65999 0.9931136209126116 0.0036552740775708
2459538.66043 0.9943858512398563 0.0037063083498341
2459538.66087 0.985191072534619 0.0036124960720402
2459538.66131 0.992612632762405 0.0036449550670322
2459538.66175 0.9848563902002749 0.0036849328674347
2459538.66219 0.9870716488773864 0.0036247352884369
2459538.66263 0.9906114140472688 0.0036129401327771
2459538.66307 0.9966874017598718 0.0036506559675639
2459538.66351 0.9868051230352034 0.0037027471302588
2459538.66395 0.9818820085239075 0.0037103333847984
2459538.66439 0.9958942333186744 0.0036273720820182
2459538.66484 0.9794405407232836 0.0036038668945712
2459538.66528 0.9752679612365616 0.0036378890315656
2459538.66572 0.9825033975949342 0.0036555129116692
2459538.66616 0.9932941820694192 0.0037092803988804
2459538.6666 0.9845446893697101 0.0036930462249071
2459538.66704 0.9826383491262797 0.0036825817401791
2459538.66748 0.9845187712010669 0.0036223299080565
2459538.66792 0.981957704702975 0.0036875107760913
2459538.66836 0.9806572068573418 0.0036703530882456
2459538.6688 0.9824349760665196 0.003632482817977
2459538.66923 0.979086902072882 0.0037011241813929
2459538.66967 0.9904146323741392 0.0037062710453626
2459538.67013 0.9761072994486941 0.0036273780495426
2459538.67057 0.9740240272555116 0.0036176447945026
2459538.67101 0.98130219481908 0.003667606711861
2459538.67145 0.9849476863297347 0.0037045305849063
2459538.67189 0.9796278015139822 0.0036819443550439
2459538.67233 0.9620305695612128 0.0037346479756143
2459538.67277 0.9719011002727472 0.0037851255301038
2459538.6732 0.9739020514727528 0.0037858503611397
2459538.67364 0.9697152169942534 0.0037486751502255
2459538.67408 0.9726008526552696 0.0037282646664412
2459538.67452 0.9724265234470035 0.0038028210052906
2459538.67496 0.9740773443784211 0.0038743050853055
2459538.6754 0.979176560952136 0.0037691053788725
2459538.67584 0.9813141227888788 0.0039003797462959
2459538.67628 0.983405164549063 0.0037516804212147
2459538.67672 0.9579528894014429 0.003785729140151
2459538.67717 0.9643815460294931 0.0037995422696205
2459538.67761 0.9613045217278152 0.0038291510018773
2459538.67805 0.9704139538232948 0.0038681858619453
2459538.67849 0.9709955363178964 0.0038586851478822
2459538.67893 0.9741895090106638 0.003843678657653
2459538.67937 0.9684965076503808 0.0038055795753842
2459538.67981 0.9584865611031352 0.0038442152600127
2459538.68025 0.9592796208377933 0.0037945045093466
2459538.68069 0.9591375237009706 0.0037476394404907
2459538.68113 0.9629958940419213 0.0037821135493681
2459538.68157 0.9602212580131002 0.0038457075444255
2459538.68201 0.9544108731912888 0.0038171653118492
2459538.68245 0.973429978365526 0.00369507021719
2459538.68289 0.9657274638033646 0.0037553828000975
2459538.68333 0.9589790684331811 0.0037456061004266
2459538.68377 0.9654864689260931 0.0037887548338429
2459538.68421 0.9703990137104392 0.0038975297027581
2459538.68465 0.9605556834599112 0.0036636410542491
2459538.68509 0.970546655208589 0.0037777721611873
2459538.68553 0.9690357971002013 0.0038111809800454
2459538.68597 0.974342063586583 0.0037989198708184
2459538.68641 0.9720123911973594 0.0038063685606024
2459538.68685 0.9656525110596893 0.00374418475128
2459538.6873 0.9628235811354456 0.0037440351619586
2459538.68774 0.9590283300814493 0.0037746387084883
2459538.68818 0.9628232375331544 0.0037901693306015
2459538.68862 0.9548306356222144 0.0038133466731642
2459538.68906 0.9489536098836664 0.0037775651964125
2459538.6895 0.959479145371256 0.0037631668462113
2459538.68994 0.9691938650020115 0.0038646606819844
2459538.69038 0.9601046395517 0.0038269039756891
2459538.69083 0.9590325673094896 0.0038842089039298
2459538.69127 0.9616578150968851 0.0038275238085912
2459538.69171 0.9588899383462146 0.0038167298699522
2459538.69215 0.9568683334166312 0.0039778022427382
2459538.69259 0.9662298043580496 0.0038735559096255
2459538.69303 0.9617142647954104 0.0037168605170251
2459538.69347 0.9595339996618248 0.0037262855468313
2459538.69391 0.9707099116339362 0.0037388804138937
2459538.69435 0.9654106746325778 0.0039212840305803
2459538.6948 0.9483101551089981 0.0039058991532881
2459538.69524 0.961813008701668 0.0038916500844771
2459538.69568 0.9604144289901928 0.0038923264317902
2459538.69612 0.96098639186484 0.0039029329977417
2459538.69656 0.9566042975111149 0.0040969612772025
2459538.697 0.9483924953635747 0.0039950198779739
2459538.69744 0.9556474941160045 0.0039921217271461
2459538.69788 0.9580151229670744 0.0039605747873519
2459538.69832 0.9480384543261283 0.0039165298633672
2459538.69877 0.9528874476874034 0.003868169704382
2459538.69921 0.9510377456081955 0.0038405435324532
2459538.69965 0.9551449911599555 0.0038546340508835
2459538.70009 0.9573368773474403 0.0038115383475703
2459538.70052 0.9587896685921038 0.0038386293929993
2459538.70097 0.9566411484333418 0.0038520084874999
2459538.70141 0.958207261150472 0.0037838196718556
2459538.70185 0.9557527138837907 0.0037803636810635
2459538.70229 0.9504348282101888 0.0037007857870715
2459538.70273 0.9597814977868296 0.0037934175678966
2459538.70317 0.9513530633757987 0.0036989254776605
2459538.70361 0.9720013937392992 0.0038259396324117
2459538.70405 0.95736497063796 0.0037747604252865
2459538.7045 0.9585164787292286 0.0037585099918527
2459538.70502 0.9502780188194445 0.0037076317562771
2459538.70546 0.9554905072064259 0.0036863625210885
2459538.7059 0.9476626203707136 0.0037068604210965
2459538.70634 0.9660182048082852 0.003759285620696
2459538.70679 0.9654332959097955 0.0037239274041569
2459538.70722 0.9595878175197464 0.0036431679647968
2459538.70766 0.9611612023055597 0.0037644783407545
2459538.7081 0.9529734199968865 0.0037128894677581
2459538.70854 0.9540749793211952 0.0037884091157191
2459538.70898 0.9511311240417456 0.0037730075283244
2459538.70942 0.9536187379203804 0.0036587712757778
2459538.70986 0.9544533461910631 0.003779372168441
2459538.7103 0.9559032474669136 0.0037809565662325
2459538.71074 0.9493913843455072 0.0037223570574729
2459538.71118 0.9389862822630372 0.0037493079450417
2459538.71162 0.9451677411412371 0.0037780941480846
2459538.71206 0.9530927980469982 0.0037443003114438
2459538.7125 0.9427753444120931 0.0036955113981703
2459538.71294 0.9430326361458947 0.0038145044003175
2459538.71338 0.945214836976428 0.0037684723562744
2459538.71382 0.9466771193356157 0.0036682023715217
2459538.71427 0.9451791859047576 0.0038109736650709
2459538.71471 0.9436624757375338 0.0037396256493499
2459538.71515 0.9402092395261342 0.0037333960508716
2459538.71559 0.9423686023215708 0.0037161553933265
2459538.71603 0.9398331957969704 0.0036920328098875
2459538.71647 0.9427023166796522 0.0036839167173946
2459538.71691 0.9357492264162723 0.0036741129577385
2459538.71735 0.9403434259750184 0.0037499440128085
2459538.71779 0.9585955392164572 0.0037245089670474
2459538.71823 0.9499290230289869 0.0036998341223302
2459538.71867 0.94200336651734 0.0036725923541628
2459538.71911 0.9488383645391811 0.0037170763137972
2459538.71956 0.9466758048282908 0.0036395836539193
2459538.72 0.9466937177201344 0.0036437402212832
2459538.72044 0.9448577358164 0.0037693293300292
2459538.72088 0.9452113335625466 0.0037615968870194
2459538.72132 0.9450409703087757 0.0036592615583867
2459538.72176 0.9342146902255136 0.0037219164924019
2459538.7222 0.9467779715588419 0.0036777706415392
2459538.72264 0.9405712287836202 0.0038274434235475
2459538.72308 0.942364904645136 0.0038820863672132
2459538.72353 0.9427857998696472 0.0038196623172548
2459538.72397 0.9433686111241731 0.0037810493386788
2459538.72441 0.9497623583308104 0.0037614110914195
2459538.72485 0.9359765665506986 0.0037131156350668
2459538.72529 0.9392003857841728 0.0036831860104934
2459538.72573 0.9443800335191752 0.0037750722856784
2459538.72618 0.939074247296105 0.0036785187555877
2459538.72662 0.9364367605514792 0.0036723958121354
2459538.72706 0.9444641295769826 0.0038212999095132
2459538.7275 0.9437888990934205 0.0037731553890158
2459538.72794 0.9393090399384707 0.0037459864816682
2459538.72838 0.9472983014125592 0.0037493320479087
2459538.72883 0.9417457678727165 0.0037690316389034
2459538.72927 0.9396936001127876 0.0037774615449675
2459538.72971 0.9481900180107596 0.0037321093852838
2459538.73015 0.9404025764912739 0.0037175751968805
2459538.73059 0.934971634377324 0.0037457836056602
2459538.73103 0.94005328326552 0.0037390417127763
2459538.73147 0.9348977363728184 0.0037033011446196
2459538.73191 0.9445995381279704 0.0036920040974471
2459538.73235 0.9418875362228163 0.0038330045771204
2459538.73279 0.940772028097461 0.0036512426757754
2459538.73323 0.9357853568107021 0.0037610622991978
2459538.73367 0.9360786007488692 0.0036467967918605
2459538.73411 0.9428283390208243 0.003821922588914
2459538.73455 0.9405665428218152 0.0037948053125652
2459538.73499 0.93856856929826 0.0036714457504589
2459538.73543 0.9395132506067043 0.0037993967174581
2459538.73587 0.9382143592443256 0.0036887016254015
2459538.73631 0.9410372077372926 0.0037224149626987
2459538.73675 0.9394892365161857 0.0037173199055828
2459538.7372 0.9411865697364024 0.0037763350677295
2459538.73764 0.943424926563585 0.0037304905347046
2459538.73808 0.9487205177457229 0.0037582746791456
2459538.73852 0.9311098153631043 0.0036987696737615
2459538.73897 0.9385957775234008 0.0037968729828283
2459538.73941 0.9318910065361581 0.003810980147888
2459538.73985 0.927405175094275 0.0036759260065004
2459538.74029 0.9399215918405792 0.0037683463965986
2459538.74073 0.9397949469179566 0.0037840354992671
2459538.74117 0.9402277842627058 0.0037201380955874
2459538.74161 0.9389797048747619 0.0038633863439765
2459538.74205 0.939656958895912 0.0037988738796396
2459538.74249 0.9410162899047902 0.0038251885352277
2459538.74294 0.9389628165705112 0.0037868680358319
2459538.74338 0.946973392541536 0.0038661400445758
2459538.74382 0.927034495991491 0.0039526064386759
2459538.74426 0.9412518394777034 0.0038457168327023
2459538.7447 0.9360395272479587 0.0038246905694464
2459538.74514 0.9371374600051021 0.0038879830917219
2459538.74558 0.9368606681813069 0.003914010444968
2459538.74603 0.9399204559187028 0.0038761880703109
2459538.74647 0.9313354848700126 0.0038793324133665
2459538.74691 0.9350482782998544 0.0039722007114987
2459538.74735 0.9246056222388572 0.0038980142824619
2459538.74779 0.9355761012401111 0.0038349303613855
2459538.74823 0.9371172129795416 0.003788007495544
2459538.74867 0.9356719565830168 0.0038447488989907
2459538.74911 0.9354479601529971 0.0038906102118164
2459538.74955 0.9402886264072352 0.003891702535165
2459538.74999 0.9339973160125008 0.0039340461354129
2459538.75043 0.9329958316681619 0.0038156884740879
2459538.75087 0.9354845689016138 0.0038001746904993
2459538.75131 0.9314782798705562 0.0037888866112816
2459538.75175 0.9401274645945064 0.0037907117238394
2459538.75219 0.9417651737332926 0.0037744407286176
2459538.75263 0.9384206616999453 0.0037887575762343
2459538.75307 0.9317256992320626 0.0037799257362635
2459538.7536 0.937950621603321 0.0038380926604597
2459538.75404 0.9383656211902048 0.0037764990978429
2459538.75448 0.9300681541167136 0.0037871074203973
2459538.75492 0.9306175149885646 0.0037295762082665
2459538.75536 0.9323903668411552 0.0037595673493712
2459538.7558 0.9263266680575936 0.003727999205184
2459538.75624 0.9221981955428497 0.0037641648135043
2459538.75668 0.9212569152042688 0.0037975568035719
2459538.75712 0.9352074147381992 0.0037729126725698
2459538.75756 0.9393418389575139 0.0038037549963549
2459538.75801 0.9224334168476546 0.0037038968747662
2459538.75845 0.9319117576046686 0.0038217459606018
2459538.75889 0.9412918908843064 0.0037983635408681
2459538.75933 0.9345136025175218 0.0038917458273423
2459538.75977 0.9303295320296595 0.003779906049868
2459538.76021 0.9383966491212941 0.0039068991522908
2459538.76065 0.9296514844038974 0.0037598845802302
2459538.76109 0.9368999060973016 0.0039182821876644
2459538.76153 0.9434733390096188 0.0038836681690946
2459538.76197 0.9448382864863213 0.0039142680243906
2459538.76241 0.9361947520786896 0.0038910684980978
2459538.76285 0.9322564841473108 0.0039205921777747
2459538.76329 0.9374995034672 0.0037534593212814
2459538.76373 0.9391777152714889 0.0038031911404166
2459538.76417 0.9313366081682912 0.0038241387888739
2459538.76462 0.929569610463016 0.0038439297854193
2459538.76506 0.9333171851101848 0.003922208012871
2459538.7655 0.9373323494328618 0.0038184447257023
2459538.76594 0.9380774180234915 0.0039472227335296
2459538.76638 0.9344199043543427 0.0039639615341468
2459538.76682 0.9375891250960302 0.0039880148384027
2459538.76726 0.9416790013441648 0.003929475539591
2459538.7677 0.9265865869810458 0.0039692481848013
2459538.76814 0.9281419166051662 0.0040202425693407
2459538.76858 0.9235848256209688 0.0040444449058459
2459538.76902 0.9339024393527076 0.0040137662179773
2459538.76946 0.9273275853829184 0.0041394399657718
2459538.76991 0.9331953287199634 0.0040875663320819
2459538.77035 0.9219742768097232 0.0039385439600284
2459538.77079 0.9263431720843034 0.0040644004393843
2459538.77123 0.935694042804044 0.0039477514035011
2459538.77167 0.9308158675440064 0.0038076596761049
2459538.77211 0.9234814532354931 0.0039195783858697
2459538.77255 0.9242959544527928 0.0039579422355689
2459538.773 0.9199162731743142 0.004019494417526
2459538.77344 0.9227647125208147 0.003872765758585
2459538.77388 0.926284134735394 0.0039232321967819
2459538.77432 0.9318574705848922 0.0038791169778358
2459538.77476 0.9360055599862291 0.0039312927987014
2459538.7752 0.9205748910985376 0.0039425581103762
2459538.77564 0.923841168170635 0.0038930362812242
2459538.77609 0.9262262840581248 0.0038663251787565
2459538.77653 0.926943798878796 0.0038954761357489
2459538.77697 0.9315620812927574 0.0039156299656979
2459538.77741 0.9176630859557432 0.0039040298574451
2459538.77785 0.9261768328425904 0.003959534476794
2459538.77829 0.927107853133971 0.0038953647675288
2459538.77873 0.9318934850083896 0.0038480624919109
2459538.77918 0.9296244782992371 0.0039804389557069
2459538.77962 0.9174071899567008 0.0039030180935277
2459538.78006 0.9228191031286324 0.0038895877086023
2459538.7805 0.9224841341204733 0.0040417908384642
2459538.78094 0.9235099048365956 0.0039250699113088
2459538.78139 0.9204519235563788 0.0038616604343843
2459538.78183 0.923244145014328 0.0038658755917787
2459538.78227 0.9234768783642973 0.0038007526629527
2459538.78271 0.9205580316782298 0.0039074392860124
2459538.78315 0.92116564987698 0.0038286200731544
2459538.7836 0.9157517117678032 0.0038667704266582
2459538.78404 0.91208465489536 0.0038354658055335
2459538.78448 0.9235432703267504 0.0039252555847708
2459538.78492 0.9235225707547984 0.0038479589219559
2459538.78536 0.91757373421214 0.00375872796157
2459538.7858 0.9291612257177336 0.0037975524700438
2459538.78624 0.9186747031826854 0.0037937628922591
2459538.78668 0.9240045591418362 0.0037531419463677
2459538.78712 0.9258211275537662 0.0038092402166087
2459538.78756 0.922326733841862 0.0037957651821889
2459538.788 0.9248102141290968 0.0038759943901821
2459538.78844 0.9240240652791104 0.0039574225819825
2459538.78889 0.9172201884869712 0.0038732020133754
2459538.78933 0.924645695420915 0.0038433535101029
2459538.78977 0.9290038059357376 0.0038780762052294
2459538.79021 0.9293110184665776 0.0038073769956938
2459538.79065 0.9203052608014174 0.0038468591477372
2459538.79109 0.9259085138480707 0.0039085795387789
2459538.79153 0.9189074886292417 0.0037534197280345
2459538.79198 0.9224909137900008 0.0037832544272598
2459538.79242 0.9339701889604408 0.0037746741257872
2459538.79286 0.9045325060704164 0.0039073664947011
2459538.7933 0.9187790089049459 0.0039956675712315
2459538.79374 0.9236151396365528 0.0037851422505143
2459538.79418 0.9246895796415155 0.0040681073413474
2459538.79463 0.9288378424854918 0.0039353243938667
2459538.79507 0.9173726761180122 0.0039576556124964
2459538.79551 0.9201354149280287 0.0039032694682009
2459538.79595 0.9125319491708038 0.0038880270457822
2459538.7964 0.9235264978207752 0.0039004042662104
2459538.79684 0.9158037082973933 0.0039599331832309
2459538.79728 0.9093139323422915 0.0040637709305154
2459538.79772 0.9189005723224822 0.0039267787286234
2459538.79816 0.9070454506591552 0.00385958746906
2459538.7986 0.922108784243684 0.0039887531407192
2459538.79904 0.9333081974255688 0.0040593085258031
2459538.79948 0.9223746282200144 0.0039517483352691
2459538.79992 0.9207226356791088 0.0039770447420481
2459538.80036 0.9316760975458248 0.0039286067006957
2459538.8008 0.9113502332738483 0.0038726673818225
2459538.80125 0.9151672982037105 0.0040135859636226
2459538.80169 0.9170587228505586 0.0040929944219729
2459538.80213 0.9208904696981677 0.0039950565479638
2459538.80257 0.9269266256599603 0.0039873244972216
2459538.80302 0.9314660790219916 0.0039664209402979
2459538.80346 0.9210611682350948 0.0042350617965102
2459538.8039 0.9168221080493283 0.004200588905954
2459538.80434 0.9225555234403776 0.0042315424499664
2459538.80478 0.9272028142808675 0.0042970470597562
2459538.80522 0.9255048334001728 0.0042685967147698
2459538.80566 0.9162213313380349 0.0042457847833123
2459538.80611 0.9155094035831745 0.004314645732099
2459538.80655 0.9167807779837068 0.0043181264663111
2459538.80699 0.932061364080728 0.0041919419725131
2459538.80743 0.9339601916580131 0.0040434003135393
2459538.80787 0.9307337717675213 0.0041101141010835
2459538.80831 0.9242876808730368 0.0040709031801131
2459538.80875 0.9226653286416173 0.0041682381892226
2459538.8092 0.9153512111348896 0.0041092807582747
2459538.80964 0.9162132887806301 0.0040897677628316
2459538.81008 0.9132093589798608 0.004035547975851
2459538.81052 0.9090671260511587 0.0040956598925264
2459538.81096 0.9153023680074126 0.0041155743287719
2459538.8114 0.9090972362973327 0.0041248341952051
2459538.81184 0.9061452432011475 0.0043112679791215
2459538.81228 0.9036648036329592 0.0043274891849127
2459538.81272 0.9179541287573753 0.0041563391337323
2459538.81316 0.9076645363196496 0.0040774779558192
2459538.81361 0.9110223419685172 0.0041143157603245
2459538.81405 0.9271169982531786 0.0040581220316364
2459538.81449 0.922751375204917 0.0040806728928518
2459538.81493 0.916993478045323 0.0041033691908993
2459538.81537 0.9271470401866616 0.0039931433425061
2459538.81581 0.9252272371596675 0.0038289169709968
2459538.81626 0.9260161294370608 0.0041173609799413
2459538.8167 0.9183078048257458 0.0040738829994351
2459538.81714 0.9280583016004317 0.0039689635068991
2459538.81758 0.9301235165761648 0.0038964135255026
2459538.81802 0.9262444436484992 0.0039269588275255
2459538.81846 0.920759399802888 0.0039025226335712
2459538.81891 0.9220832595383298 0.0039380862185652
2459538.81935 0.9212767491760515 0.0039142470634396
2459538.81979 0.914858532623304 0.0039902480709725
2459538.82023 0.9140416473030408 0.0039577741614289
2459538.82067 0.9258257613927101 0.0038522793171859
2459538.82111 0.9215292246230574 0.0038646393998662
2459538.82155 0.9225987481273776 0.0039803090633869
2459538.822 0.9263808352163048 0.0039487523903178
2459538.82244 0.9228781478683997 0.00401775266932
2459538.82288 0.9158220373758584 0.003944995107645
2459538.82332 0.9177889440522504 0.0038866127512882
2459538.82377 0.923632814266332 0.0038963993653025
2459538.82421 0.9092960628622 0.0037749483711816
2459538.82465 0.909212417964528 0.0038360716246809
2459538.82509 0.9204451284319186 0.0037883933880845
2459538.82553 0.9152253512822032 0.0037741576753336
2459538.82597 0.9094562499221934 0.0037490607655883
2459538.82641 0.9266729697848948 0.003657031701811
2459538.82685 0.9160599620587566 0.0038019692293035
2459538.8273 0.9252849505995407 0.0037754926829199
2459538.82773 0.924111258822928 0.0038077173825595
2459538.82818 0.9237939322616224 0.0038818918898813
2459538.82862 0.9100024158679357 0.0037963066412367
2459538.82906 0.9122370793406422 0.003801535392062
2459538.8295 0.9225330801864222 0.0038347239626205
2459538.82994 0.9156472547195037 0.0037423212394547
2459538.83038 0.9141356372545713 0.0036782384262466
2459538.83082 0.9161115403407027 0.0037262940383205
2459538.83126 0.9135601548132652 0.0037868439090962
2459538.8317 0.9250755422257406 0.0037427601306669
2459538.83214 0.908365843072334 0.0037529967777344
2459538.83258 0.912182568476547 0.00367268452003
2459538.83303 0.9124370676901928 0.0036815118859274
2459538.83347 0.9239412307537437 0.0037195195662388
2459538.83391 0.9523032153482877 0.0038981928472589
2459538.83435 0.9137596007655122 0.0038026738606828
2459538.83479 0.9149406275541838 0.0037134542752129
2459538.83523 0.9104023607146454 0.0036721518952537
2459538.83567 0.9171700273514944 0.0038013038430154
2459538.83611 0.9041206129657965 0.0036143135560667
2459538.83655 0.9068221867000176 0.003705398584704
2459538.83699 0.9204068724671952 0.0037363952859144
2459538.83743 0.9096083388548787 0.0037152407430334
2459538.83787 0.9257581126655475 0.0037501696913463
2459538.83831 0.912682377268057 0.0036343087107159
2459538.83876 0.9213273154041619 0.0037481182476606
2459538.8392 0.9124930461764573 0.0037514049701764
2459538.83964 0.9088073985456387 0.0037304362227688
2459538.84008 0.9144798855307392 0.0037512036033883
2459538.84053 0.9097760982330558 0.0037591078709971
2459538.84097 0.9212395136483822 0.0037551579451002
2459538.84141 0.9123109665503104 0.0037111854039594
2459538.84185 0.9084258702691944 0.0036735188417852
2459538.84229 0.9033940341157997 0.0036637124654818
2459538.84273 0.91137151294262 0.0036785828104765
2459538.84317 0.9137837147154254 0.0037068791707818
2459538.84361 0.916394683984776 0.0036882833854193
2459538.84405 0.9110734882117671 0.0037030170737374
2459538.84449 0.9130533104114114 0.0037180083112366
2459538.84493 0.91110548251464 0.0036958018977726
2459538.84537 0.9039040320528288 0.0036554419968613
2459538.84582 0.9215877274684474 0.0037538941713534
2459538.84626 0.906348787466898 0.0036354961436283
2459538.8467 0.9129805719891341 0.0036974453699291
2459538.84714 0.9221831513619678 0.0036659575791144
2459538.84758 0.9070172727566084 0.0036924933666254
2459538.84802 0.9066900618125235 0.0036592854618917
2459538.84846 0.9039635897687016 0.0037180086025596
2459538.8489 0.9142621258793214 0.0036705286760438
2459538.84934 0.911429201017665 0.0037052547210446
2459538.84979 0.915798548937351 0.0038071475281891
2459538.85023 0.9050810822663152 0.0038253690673745
2459538.85067 0.903912895278968 0.0038285888483009
2459538.85111 0.9140033106367494 0.0037539236585018
2459538.85155 0.9107696810280419 0.0039001850263919
2459538.85199 0.913581868454011 0.0038506318264927
2459538.85243 0.9157021639858186 0.0037957585116348
2459538.85287 0.9225750287030371 0.0038438624965815
2459538.85331 0.9103949370021912 0.0038040523431298
2459538.85375 0.9116739705992742 0.0037862464398471
2459538.85419 0.908959758993933 0.0037738242463608
2459538.85463 0.9134187723822339 0.003790114761009
2459538.85508 0.9020388557374968 0.0039842520849521
2459538.85552 0.9066175585359112 0.0039254869013182
2459538.85595 0.9090770758765682 0.0038730884738294
2459538.8564 0.9161891321713792 0.0038619840644539
2459538.85684 0.9004094446909882 0.0039411297424272
2459538.85728 0.9061159180475186 0.0041976328357506
2459538.85772 0.911673145429784 0.0042835857402116
2459538.85816 0.9060776978452056 0.0040730345294394
2459538.8586 0.9090781507939069 0.0040764321082088
2459538.85904 0.9032763139102424 0.004086849181548
2459538.85949 0.9101914663656088 0.0040862059010137
2459538.85993 0.914912822217672 0.0042619407802586
2459538.86037 0.910535591130658 0.0042169420464031
2459538.86081 0.9037466971885997 0.0042366938772049
